ell; low_auto_ch0; low_auto_ch1; high_horizontal_auto_ch0; high_horizontal_auto_ch1; high_vertical_auto_ch0; high_vertical_auto_ch1; high_diagonal_auto_ch0; high_diagonal_auto_ch1; low_cross_ch0_ch1; high_horizontal_cross_ch0_ch1; high_vertical_cross_ch0_ch1; high_diagonal_cross_ch0_ch1
0.0; 1698.6383650629905; 11260.827976023746; 173.83936209653226; 222.46823037396805; 172.36624525866634; 432.6011883011396; 147.85491625620162; 198.79716098496868; 2415.8881591214886; 121.70051045660664; 114.34091489384396; 92.51220750461205
84.375; 1210.387166930079; 1009.9485359433123; 211.2734984035485; 309.93814433631076; 167.16366749768358; 186.19609106088265; 153.15387838133137; 198.43604311341363; 932.4688015300835; 142.1720672282575; 110.99500289249185; 95.00332440606186
168.75; 793.5337804217804; 690.285226480978; 273.34655365397987; 318.9638017388784; 162.46561111785329; 183.12315659988917; 156.69772599666516; 199.83400735246846; 619.4008536242284; 187.26082234060462; 109.38517709305248; 97.02282322624865
253.12500000000003; 518.2136400742991; 479.6215332359371; 330.31485298021937; 311.7769094675491; 150.6293434530645; 173.37903003907115; 169.1075276117356; 212.28486870162982; 408.3211694386498; 226.49448220665695; 99.35743908705021; 105.23191334921037
337.5; 358.11549540457827; 353.8528465179274; 377.861509101687; 354.8076837424692; 141.60115430277736; 169.30812465070073; 181.582145422187; 219.53838534723144; 288.2086236206685; 262.03831568062554; 95.79795188944578; 112.3678129042383
421.87500000000006; 247.00490118331825; 245.51765881468287; 408.6074840551328; 362.3479624985396; 131.57119975741205; 160.2827564722965; 198.74471441794228; 226.98585955673877; 190.21819585896685; 275.89637432428157; 88.90474045359947; 121.79007610341576
506.25000000000006; 193.44798069102944; 195.83465204152384; 436.0097721529026; 379.36823241943904; 125.89311648234796; 160.3019696231166; 208.0556796577912; 232.35299388437932; 148.18652267761277; 295.5635133220692; 85.38846693684701; 127.61338868734661
590.625; 155.94348040406433; 166.16235483276543; 447.00197189663874; 384.344197732553; 120.29288843855633; 157.4524293529623; 217.98557559297737; 244.10919558752377; 120.07275300543549; 301.509596292056; 80.18236406237799; 136.3390354993373
675.0; 143.55421816417635; 155.38913235171907; 452.87682763036514; 388.03075707280567; 121.37916096162434; 160.839970521612; 220.32496561030462; 250.5019854272824; 110.07347540541468; 303.5721398446023; 82.41037497728125; 138.49556743389076
84.375; 1250.4030747846002; 1146.3356650159058; 168.6990329773938; 195.5318109581814; 211.21315969358457; 446.52201178382546; 151.61718798889734; 197.56833466055974; 960.9653952801658; 114.20970304793691; 140.12950830089557; 94.4724711499627
119.32426932522989; 1048.8393670488717; 889.3251709417124; 198.89762246750672; 214.3517990182258; 204.76277960500036; 206.61859690825605; 154.86878101451123; 198.6028569639701; 816.0579202000768; 135.30191602150944; 137.1113690592999; 94.98918554259215
188.66823560154475; 693.1385452996607; 623.2244263405524; 256.5919001427436; 257.52962435293324; 183.4429461120353; 194.4015854220685; 163.1441399287273; 202.36676640597133; 540.3017193008884; 175.49227765547613; 120.6555080110014; 100.44700992634414
266.817177576707; 469.128416054621; 445.1431646760178; 314.4986992201604; 295.08270674809; 169.14023427588043; 182.0411193015652; 173.87479534701956; 211.5408415377938; 371.56013527316287; 215.60835084515506; 110.96626735388611; 108.28062940287317
347.8870371614901; 342.7320385343466; 329.1410200125933; 368.0319307870753; 332.8675078295335; 155.54975369961554; 179.3025339800136; 191.07588133673775; 220.60864163740715; 271.0018391288834; 252.8931593258246; 104.8089224386534; 117.17742572102549
430.2297714593913; 240.50836001687642; 239.22602090336244; 402.5777353326725; 355.6154191004311; 141.43876165794728; 170.70300726709397; 203.25139500253366; 230.67978290605484; 185.9418531749097; 273.3644940612112; 96.12540409460583; 127.47114350090791
513.2330884939123; 184.6944258999562; 189.27985280021156; 426.18550154888607; 370.098209247287; 133.39609901157925; 160.95176706392425; 218.5071336040765; 238.65127780446286; 142.1623536738817; 289.2175529069569; 88.50457250678507; 135.5939483203904
596.6213466261495; 151.62174726504261; 160.60943965477222; 430.6005750620807; 373.03249630119996; 125.79110792476968; 157.62372537148497; 227.39869687092846; 242.34431865227657; 117.52963647367241; 293.608603270171; 83.96350291861454; 140.62581406838206
680.2529975126902; 138.18024861655786; 151.17747129829945; 431.9051087105946; 373.11382552735796; 123.68882464929517; 157.99031475297576; 225.87571264810953; 246.34744305592463; 106.57603650006779; 291.3981703406608; 84.21516224178342; 139.70298898360983
168.75; 789.7135775489378; 762.6641483790568; 160.08230267880728; 192.6542735884911; 272.49710620849373; 491.20976168371124; 161.9879628443628; 204.76817449412215; 597.7414660361667; 110.94745649167378; 179.30390378852994; 100.63380575829137
188.66823560154475; 718.429017720184; 626.9940284854789; 185.06585265403118; 206.79868548315025; 264.84230372297725; 242.909109689101; 160.83621176271814; 205.5705736245626; 558.0048192313848; 125.752859709045; 174.23296734383186; 101.16138798500843
238.64853865045978; 546.7612344932771; 504.3630279710689; 233.72590802974668; 242.40408453372245; 237.39411969429074; 227.0926082165182; 171.7109299117041; 210.71049724719015; 432.2899724319288; 159.38432513506788; 157.9649931667061; 106.06989257433916
304.21838886727414; 394.16900167263645; 380.2732380816167; 289.35520854627987; 279.70635600504306; 204.2883231214998; 212.59858940545107; 189.43570621212166; 223.3337195520401; 313.841285711831; 199.39988929920398; 138.85921916360604; 118.24167103847508
377.3364712030895; 291.5834379289864; 286.47822720002887; 332.63645684639914; 308.9483548395908; 187.97879020182287; 199.2611315305469; 205.78372317858984; 228.60187741914518; 229.24254535022118; 226.34656582274485; 127.25010895641984; 124.87287573944005
454.3732806019738; 215.00204620887845; 218.93905060344838; 365.8346678979394; 334.17744239295797; 163.42488584107295; 181.65227167104828; 224.4081523812441; 240.27487794732622; 166.53440229477587; 249.22258537183978; 109.64571862840405; 138.46757372362666
533.634355153414; 168.16780506613648; 175.7825145817612; 391.97392308954767; 351.8012823142671; 149.4514753047842; 172.39595206212283; 238.3011474023254; 250.71170730959832; 129.09868705921144; 267.34543677351877; 98.5828595763109; 148.0369870616327
614.2592719080437; 137.70719733799294; 147.65080646212868; 407.8823925493136; 363.4877935830483; 141.59954611941572; 166.04848168713255; 250.7995165752328; 253.40203740952938; 104.57441428201804; 279.86784273521374; 93.57105647774277; 152.89509826601318
695.7740743229803; 129.16164347411106; 144.9917828560823; 412.7594066939185; 358.71959820560994; 139.2069195556113; 165.93341840455292; 250.62349586433757; 255.69411310214093; 100.40718056181944; 280.1904366925075; 93.6451434601898; 153.83549594723243
253.12500000000003; 508.4962466485651; 568.5966754158105; 152.38120893517373; 185.5461906900773; 327.374885987497; 531.4850813298251; 170.07310363300564; 211.67228415372793; 402.3268116904944; 105.28850788582146; 222.96136832394032; 107.38198452461704
266.817177576707; 469.31219356243867; 445.1179081053871; 168.61305193913122; 194.9494216581762; 314.92552419773415; 280.222757919743; 179.88887597760143; 214.81698583794355; 374.8656213574822; 115.01264937350975; 213.17683303339325; 112.59455070381087
304.21838886727414; 402.77845449379663; 384.6789984874868; 209.49142068855764; 224.75459601192244; 295.04345600073026; 271.1503402747616; 194.05858176209682; 223.60837141577483; 321.31967224038334; 145.27463238082044; 201.04791474525038; 120.71134387320842
357.9728079756897; 310.69082070783145; 301.8859412626711; 255.93480545947133; 255.19041354097004; 255.05254084156252; 241.4575048783799; 213.38208659322; 235.13204829575318; 243.1650127288; 175.17614859983357; 169.70546396655132; 132.1859542542299
421.875; 237.2723903541338; 234.70448669535307; 296.71086938186835; 281.3447526719038; 221.97481227360322; 218.59174469027553; 237.5207270297375; 241.0739507282758; 182.19015153176352; 200.97937261634235; 148.00945499527782; 146.0537307119687
491.9865661275723; 183.04011903393842; 190.68595301118; 332.12927736597294; 308.6478812656753; 196.19528955669753; 202.76577366640802; 256.58222918801766; 253.93686962174456; 141.37419940570234; 226.6356938527378; 131.37788644125317; 157.2880893247306
566.0047068046343; 145.15450054937997; 157.3306425238207; 356.2548997950772; 316.5321994635861; 176.0592331731017; 186.76462538133708; 268.3930524406367; 258.9315713387505; 112.87936242885344; 239.3335744231493; 116.6138920666005; 160.5575997046296
642.5808558072673; 122.53753070624184; 135.6761080546104; 371.2534342452518; 330.9865684561317; 163.5838034609627; 181.76787852016193; 286.87511479733683; 272.5304477775848; 93.90091874305801; 249.71838980250948; 109.48878564940912; 175.48537151831434
720.9003160111666; 115.95767345693353; 131.07019792165903; 375.0714004457863; 332.7791172490051; 157.6744056425524; 176.39761568007344; 287.2877238630707; 274.0464166427472; 89.47931144572124; 252.18322377604463; 104.68358976122495; 172.8714468617228
337.5; 365.92615508504304; 439.00297879787524; 141.05112427084487; 176.62606690960342; 374.39188059417637; 558.4261014846595; 179.84197657772856; 215.94167549557702; 283.9579003909303; 96.63037274032278; 251.2534792154138; 112.4349988948509
347.8870371614901; 341.644911279625; 319.90867200091435; 152.6789494270354; 188.66900726965102; 370.91539629298967; 314.5203953289892; 191.48820868996933; 219.7429697686406; 264.8254565299094; 105.30952428231484; 247.49578725676824; 117.9597653306359
377.3364712030895; 296.64691034376574; 284.9280569415167; 184.02969763122218; 204.2856550370996; 342.2505312231239; 296.0885018074556; 207.89528910757383; 226.93361413167978; 230.47478007970395; 125.21540328046146; 228.07805736186253; 127.13543434454306
421.875; 242.2119559222831; 238.42882998423576; 222.1501275300845; 229.71233307510082; 292.58081820896086; 264.4167101414598; 231.3446699152361; 241.97150229554552; 187.80457851799977; 149.8003691638062; 193.68594381200558; 140.3581958314951
477.29707730091957; 196.52882516052426; 195.5087145344678; 263.293833776549; 254.96292538399672; 262.2938991852067; 243.00143911635186; 262.7993615294828; 258.94771781843974; 150.41618457327667; 177.70853698575095; 173.4360967636184; 162.11214976806127
540.2636075333967; 153.646341308463; 164.63377396605085; 287.7693974965089; 283.64193766091716; 231.40221293389692; 223.62636086470073; 286.6561327509817; 271.81296971193416; 119.20592682714259; 197.46043184873378; 153.22744181675648; 175.00591203068197
608.4367777345483; 124.23108944905842; 138.41513912861362; 311.76416263330236; 294.95579087932725; 200.27276236957468; 206.20663148525216; 306.55792209639367; 282.78652257616153; 96.13019394895298; 211.59143834629148; 133.27391288458108; 186.90078520250142
680.2529975126902; 106.68844215374044; 124.6108718798115; 330.30764366125055; 309.55299679542674; 183.67292382642376; 197.5169421132363; 322.10845250635515; 290.45691500245357; 83.21266995992825; 226.40375255948493; 123.02280742846094; 192.85259034818984
754.672942406179; 101.5121190974135; 119.15237685303732; 333.7494786091116; 307.3355139876448; 180.95226220969687; 194.32404039559884; 331.57562915493935; 291.62185007130535; 78.2427295127189; 225.5913677919671; 121.09451220511059; 199.0203199921125
421.87500000000006; 254.02854515947806; 343.09293553799586; 132.94818303719228; 170.54000807836678; 407.8151396482389; 578.2369669738474; 200.4009198591524; 225.89142585578543; 195.86192683054153; 89.63053083111767; 268.64070985981147; 123.32070995480427
430.2297714593913; 246.5921131647671; 238.01161100924742; 142.00454463577736; 178.04439689745544; 397.7686832969703; 328.17797344691235; 205.754746586901; 228.19433830661976; 188.2289485664409; 97.01866677324537; 260.04240571521785; 125.92296069480979
454.3732806019738; 217.32150096092087; 220.01796319759458; 166.31116047321598; 194.82914731457024; 369.0694179131889; 314.0713245534762; 226.29683522808617; 237.4705580462201; 168.2770848049518; 114.51247716480391; 242.54817118199475; 137.59311727087598
491.9865661275723; 182.8426585681458; 187.9133763066792; 195.2095315608548; 213.50617268736843; 327.526970188536; 286.28362735363055; 253.1399559950291; 257.9309940635303; 139.72012244199112; 133.03731008371665; 214.27643388077837; 156.25773599964705
540.2636075333967; 152.28993346061588; 161.03971441510828; 227.08435967282227; 232.1728713008533; 297.25836026207764; 266.0433329767219; 287.7655013625101; 270.0173006335375; 116.96054101546333; 153.22153237200428; 195.2425969130571; 174.46145207129996
596.6213466261496; 126.92454868694179; 141.9242160271987; 255.2697127463047; 258.7721718732694; 256.2307740095403; 244.1131891734602; 314.8289012900746; 289.13026684205863; 98.357763925438; 174.71431903743377; 171.45512119557014; 192.7981197994087
658.9898164046241; 105.95327516254046; 120.10476713141877; 277.233258892586; 267.00799842960527; 228.33372240638937; 222.80706767992083; 341.4850039366148; 302.1547956890281; 79.97330311476031; 186.94167708966572; 151.27381363581185; 206.06027964297837
725.8211944067216; 92.6581572570951; 109.39938928600972; 291.71428056079475; 278.07621792566215; 209.97269433279791; 213.72076125580497; 357.2103600019457; 306.8903422232691; 70.73507058024981; 196.9083426313056; 140.2750314582598; 215.1764640152291
795.992158017276; 89.4760076667438; 106.50011518046735; 298.8185881345212; 279.4963621228144; 206.39697159695902; 209.63377528079747; 364.86091262419575; 313.4474742843116; 68.69629055288061; 201.02333491633777; 137.95276444661562; 221.08894033613427
506.25000000000006; 190.79517584949667; 288.53047171433866; 125.26639215264723; 163.63657651801333; 432.21301897356614; 606.1738959113633; 207.78797890667502; 231.79280915308408; 145.1710010543003; 85.13861361147576; 292.05206128787614; 128.05406590247406
513.2330884939123; 185.41736314698528; 189.67488138664194; 131.1681036924666; 170.90491158623513; 418.6516701724861; 344.6141784590047; 217.10461520436164; 232.58755909942604; 142.33095865688975; 90.66774298541294; 275.6801201214722; 133.23399468512557
533.634355153414; 169.75074121024187; 175.57396809462455; 150.28753491964608; 181.03134293964254; 400.25162201420426; 334.39626986688046; 237.10778040483967; 246.3009634992613; 129.97411184012418; 101.6070176338763; 263.60444999423027; 146.45230895683423
566.0047068046343; 146.66931479243314; 155.91043258855407; 174.3649926266781; 199.97903515018965; 359.54630371527486; 304.7004197220664; 270.8174088313199; 266.7816697063872; 112.39385509570411; 119.44783747085802; 236.46141507772785; 165.08538759248745
608.4367777345483; 125.15092331743368; 139.1745144038369; 202.25392196179646; 219.7378667518835; 315.2038052260679; 280.6619881059644; 305.0212812876452; 280.6674010101704; 97.43571335856912; 138.9300816252382; 209.56543621803962; 183.8021193693237
658.9898164046241; 105.34506849141846; 121.57684572026247; 229.54789377337187; 240.91053337809072; 274.4025620988001; 248.01909287393823; 342.3637414237443; 303.1081575397247; 81.08253960775247; 158.67554795825606; 178.29276220100553; 206.96167096677402
715.9456159513794; 89.6011971632024; 109.03781246209722; 247.62718312866778; 249.07516652820271; 248.02954820857175; 233.15916530808445; 370.1328812512373; 318.7507420586393; 69.45994602321599; 168.89815163847314; 161.78874198373967; 223.356283132045
777.8990635840873; 81.30303193433272; 100.52563958719519; 262.2822170512614; 257.25602362278727; 223.70633590269537; 219.52665247883584; 387.88155987742925; 324.5019388944494; 62.72929652060301; 177.1370409850765; 147.6499063261909; 230.74430117385506
843.75; 79.00728376362979; 98.97297795155868; 260.29352099490546; 256.5114484315102; 220.02894292992332; 216.11676510172438; 397.53526103018737; 328.9606216962537; 60.85169794348371; 175.28032589242994; 144.15912559375116; 236.0101144040708
590.625; 156.5127184999597; 259.51394571651207; 121.12365332295776; 161.2709810259906; 450.27541304982657; 604.8610482946937; 216.93928289513497; 231.66533466681923; 120.0471175444155; 84.19688694905503; 300.9484383644788; 131.75924906940654
596.6213466261495; 151.6954462188194; 164.0385879494479; 128.7326720364476; 166.39754638019312; 437.7098574303916; 362.35487025846794; 224.69572622650008; 236.7364828862739; 118.28034715568837; 87.74473069730266; 291.61470402738456; 137.4488500918276
614.2592719080437; 138.80081098954616; 151.06048936292734; 140.67099891492882; 173.59308121803573; 404.29658695017616; 336.49793707019444; 246.33499669243352; 248.20474311629138; 107.70367000685901; 95.70804189581533; 265.59543561594245; 149.83349872158675
642.5808558072673; 124.23221651590868; 139.87452058549968; 161.40944387132382; 189.0372854494803; 376.06573897453694; 315.5177105560328; 278.81482486884113; 269.4844035577059; 96.78239501581697; 108.8588660989989; 245.49320892651843; 168.2654703357694
680.2529975126902; 107.65382840495558; 124.5885107656895; 190.7322530250419; 206.229988586829; 330.6808884793786; 286.81424748210804; 323.43279354541954; 290.84715428965524; 83.85897253668887; 129.02653445964552; 217.01746669849075; 196.17755137690702
725.8211944067216; 94.91826414153729; 111.0956712542771; 210.06325266491746; 223.96890365282658; 290.09854290006774; 262.613271533571; 358.2212621296983; 310.0205285110796; 72.63592779263028; 142.9217402820146; 190.33497986334214; 214.62149666811044
777.8990635840873; 81.0855876197166; 100.42394191725965; 233.34767448901283; 238.0556792289217; 259.367754778629; 238.38544143518934; 390.0503362457197; 326.3881425306962; 62.69206260647234; 159.25480065112413; 169.18946121724093; 235.3808181873389
835.2698852766092; 73.97346143922101; 95.31139742935564; 235.56560172757526; 238.61850767573156; 235.1672074570712; 226.7343829367885; 406.86206190881074; 336.3021504704981; 56.81514419149041; 158.25994306733446; 154.2430889872576; 243.1084446589097
896.9185529494861; 72.86795029138176; 93.71780290232988; 242.0731038086335; 243.58676047346586; 229.96841453668506; 221.09436115850548; 417.3766496740795; 337.4589707382489; 55.94245811999653; 163.0475795199765; 150.23871756109656; 248.00173071602077
675.0; 148.22255572958008; 255.28192291882755; 118.83727931100778; 163.5142714379052; 434.74980317979066; 599.8506576801806; 216.3656020244403; 240.9174145573444; 114.91073887072409; 82.1467716640167; 291.04023978680783; 135.94736972112824
680.2529975126902; 142.1233665553474; 151.6057275621392; 124.43908648698978; 163.23719582253287; 433.8653912733161; 355.1760805303159; 225.36718068724613; 238.16844259453993; 108.96066987570529; 86.22108210658891; 285.25913103930884; 137.53750177038106
695.7740743229803; 130.88915884920772; 145.05457973794907; 139.5849507716992; 173.69579156163158; 409.19337342540103; 339.1644236099531; 246.76778763922354; 249.5809792655687; 101.48724695682692; 95.56675358403811; 269.13672564151835; 149.91361381274766
720.9003160111666; 116.34770383465388; 130.75665115540795; 158.8331750838589; 190.29170414348133; 368.2855968902031; 314.74325437396226; 289.28265675531355; 274.93225240326655; 90.04100234037953; 108.01015372793456; 241.89716779186932; 177.20218159467709
754.672942406179; 102.18849271513879; 118.37230020959063; 180.03215335977683; 203.893730171337; 334.55659823667395; 290.29991491975244; 330.62963681214626; 298.042720729861; 78.26366391590116; 122.6928249173496; 221.7836672875381; 201.36592960919828
795.992158017276; 89.23069854239138; 107.09999867170112; 202.82848341764904; 219.53941711460809; 294.0136404257839; 267.52467984653856; 360.5585639043666; 314.6478395382991; 68.59609559582054; 137.49143149561166; 195.47252456200476; 220.00776117856813
843.75; 78.7006770982477; 96.24533222058957; 218.75847950499386; 230.21375542021542; 264.4183946938363; 242.86930685220247; 398.2081090170156; 329.87601585184075; 59.64558103524266; 149.87104170736117; 174.29533161217182; 237.68620392707203
896.9185529494861; 71.77795439038749; 93.93593474955154; 233.46348129437024; 241.41692396680324; 243.57210757438887; 234.1509093744993; 421.36977365533033; 344.4357565214195; 55.3830284757749; 158.49663557219446; 159.89923708289112; 253.46617667544163
954.5941546018391; 71.1541924404415; 91.19247614607823; 232.6222699547168; 236.19536873597048; 237.46314875541196; 234.69554437091313; 431.7960214216621; 352.1778530921598; 54.769218112257164; 155.8187998935994; 158.99570973890377; 257.3708470735191
590.625; 156.5127184999597; 259.51394571651207; 121.12365332295776; 161.2709810259906; 450.27541304982657; 604.8610482946937; 216.93928289513497; 231.66533466681923; 120.0471175444155; 84.19688694905503; 300.9484383644788; 131.75924906940654
596.6213466261495; 153.723665052301; 163.3634914905574; 124.99391790117397; 168.0192786165541; 436.85084118766315; 352.81055463852204; 225.4750610629765; 240.65553176057304; 118.95393891613094; 86.5445619698614; 286.70185171519; 137.7409846108497
614.2592719080437; 139.78414153670133; 149.63668100255464; 141.66081395572633; 177.49426799975154; 407.35426899949726; 340.53389482782194; 248.15464239812312; 252.37452058594684; 107.13661369699729; 97.65017654279903; 270.88237151010264; 151.56998379064774
642.5808558072673; 124.37599683914607; 141.41391040060938; 160.12892370772914; 189.74529113412743; 373.15240942900823; 315.57063694829947; 281.1556131082487; 266.6008465751872; 97.32765900638591; 108.70707906710086; 244.71275134549663; 169.5883204168084
680.2529975126902; 108.40353790689083; 123.4390731733256; 185.01762642398882; 209.37445642962567; 327.0682226336495; 285.4033834890855; 316.06204889506887; 292.35346260595065; 83.46462506027598; 127.6561313008124; 215.71439903745323; 193.24714824727437
725.8211944067216; 95.28544342496197; 112.66843785362293; 206.52855203178734; 219.98162706351116; 289.8286861336105; 263.26402182741236; 360.6104798021746; 310.81426411626825; 73.64588017031579; 138.9121404613729; 191.75081622687463; 218.31748077972892
777.8990635840873; 82.50344905051577; 101.44253627492009; 226.38042598614544; 230.68216860786532; 261.3513439565753; 245.52996381335382; 394.6926285843854; 329.5507341479834; 63.031778887209796; 151.93910109069176; 172.52821490437688; 236.5218745475939
835.2698852766092; 75.18523751701406; 94.8126432250645; 239.94479804961648; 243.03340483365162; 237.46797006490573; 226.54948946975253; 411.4218503206165; 338.69887685903086; 57.230241305874976; 161.76875418953475; 155.44398683138127; 245.07844569133096
896.9185529494861; 72.86795029138176; 93.71780290232988; 242.0731038086335; 243.58676047346586; 229.96841453668506; 221.09436115850548; 417.3766496740795; 337.4589707382489; 55.94245811999653; 163.0475795199765; 150.23871756109656; 248.00173071602077
506.25000000000006; 190.79517584949667; 288.53047171433866; 125.26639215264723; 163.63657651801333; 432.21301897356614; 606.1738959113633; 207.78797890667502; 231.79280915308408; 145.1710010543003; 85.13861361147576; 292.05206128787614; 128.05406590247406
513.2330884939123; 184.53868289595158; 187.10529018327026; 131.16387216185407; 170.6971528488938; 422.87643972721645; 344.6825407866021; 215.3005768298093; 235.17619931348915; 141.17225000924503; 91.66735965985043; 277.263996018762; 133.0734767244503
533.634355153414; 170.56123215263125; 177.41332916163762; 152.50727278280374; 181.26744139555458; 398.9072110162833; 331.2730456215472; 235.38533393113931; 241.8049423004194; 131.42829248786748; 103.39231788528623; 261.5687553380695; 141.860320182224
566.0047068046343; 145.9723916675726; 155.18494764572628; 174.9290006175342; 199.50001470613034; 360.75126811459535; 309.4451133333337; 268.0461248308612; 259.88323218122565; 112.09678128338362; 120.00573026107094; 238.62457173921575; 162.22728165217887
608.4367777345483; 123.1601864445585; 136.98295871532653; 197.8313400163144; 216.9435298653556; 313.2153897877654; 279.7262842095743; 306.1132827122031; 287.985669517368; 93.80789130198289; 135.62169152375574; 206.34745159110977; 186.0724509843051
658.9898164046241; 106.46423208474434; 122.95733686968713; 231.145510276295; 237.10666754335332; 275.1284362221189; 252.2862986332719; 344.5607108584505; 303.2455480974735; 82.44819489197836; 156.8609038159479; 180.28299265879215; 209.0449879484372
715.9456159513794; 91.87367417171316; 109.90503317289397; 245.74371514579602; 249.41739402911207; 244.32831643749196; 235.08491623784604; 371.6984810864771; 320.7816203583701; 70.72711601900302; 167.64616074021882; 160.76112755097887; 225.27515298780293
777.8990635840873; 81.18188117351563; 100.88972504846704; 254.56461557699316; 251.9453756125298; 227.23166498916558; 223.16829607509507; 390.5259820006092; 331.2002004387215; 62.69898316043166; 170.88171812096036; 150.77542681572604; 237.73806955062366
843.75; 79.00728376362979; 98.97297795155868; 260.29352099490546; 256.5114484315102; 220.02894292992332; 216.11676510172438; 397.53526103018737; 328.9606216962537; 60.85169794348371; 175.28032589242994; 144.15912559375116; 236.0101144040708
421.87500000000006; 254.02854515947806; 343.09293553799586; 132.94818303719228; 170.54000807836678; 407.8151396482389; 578.2369669738474; 200.4009198591524; 225.89142585578543; 195.86192683054153; 89.63053083111767; 268.64070985981147; 123.32070995480427
430.2297714593913; 240.58930648467032; 237.6023334351742; 140.09566937254573; 176.95305241491738; 401.921013050572; 334.0928006625142; 204.86231168204793; 226.606674349373; 185.5738579652679; 95.85300206278224; 264.4538141526423; 126.42698096742559
454.3732806019738; 215.73696632230832; 215.1199007862759; 165.02821579441573; 191.03520161344355; 367.75822339132503; 309.6425716287741; 221.3993520478108; 235.64787712412584; 164.4316305884367; 111.63888406475365; 239.02606618159655; 134.92458206161507
491.9865661275723; 183.37981028241688; 189.2667991158039; 193.09682115495957; 211.74335554187593; 330.8462070778402; 292.8815157906204; 255.05855506527377; 252.67382334655716; 140.83268602702657; 130.93694050370115; 221.91290143866027; 155.2857888725847
540.2636075333967; 152.7106182991858; 165.14103032650155; 224.3511808277458; 233.60441025495663; 292.4489914958147; 265.1124700743656; 287.8764931336264; 268.25979205164236; 118.60496785276467; 151.15001394283453; 192.55711930597676; 172.8598060431911
596.6213466261496; 126.7957765566242; 139.63498286535588; 258.2110269877577; 254.57514580503354; 252.53372195746348; 238.6297139263893; 317.37145344532803; 289.70888498948773; 98.11767834176649; 175.74784213640405; 167.2655409774215; 194.663678030208
658.9898164046241; 106.55620713663717; 123.97055046732896; 284.1317580701573; 272.9773579678307; 226.8568691283197; 220.97245843785743; 345.4913022820486; 303.9807245843865; 82.47686331200822; 192.0685725928045; 150.7717036694876; 207.52377174638212
725.8211944067216; 90.59714476388592; 108.53617149695505; 286.7321800474998; 272.1409580965233; 203.65926473119634; 208.53397359748357; 362.42340245615713; 314.14726507591774; 69.20676185680423; 191.26505150059293; 135.1266930424691; 218.33923423945862
795.992158017276; 89.4760076667438; 106.50011518046735; 298.8185881345212; 279.4963621228144; 206.39697159695902; 209.63377528079747; 364.86091262419575; 313.4474742843116; 68.69629055288061; 201.02333491633777; 137.95276444661562; 221.08894033613427
337.5; 365.92615508504304; 439.00297879787524; 141.05112427084487; 176.62606690960342; 374.39188059417637; 558.4261014846595; 179.84197657772856; 215.94167549557702; 283.9579003909303; 96.63037274032278; 251.2534792154138; 112.4349988948509
347.8870371614901; 340.4611816775066; 324.3767390536886; 154.9591094287371; 182.64375035707275; 365.6304822035823; 310.2420216487576; 192.26792303462793; 223.55982491674845; 267.55405139971765; 104.18926003335525; 242.49348552006234; 120.39502145853103
377.3364712030895; 288.33190351630094; 284.2412640770404; 183.98179664358955; 205.83498158446764; 333.27035060925317; 291.4170772257763; 213.7486881661658; 233.1784433805355; 227.50460577239585; 125.704141472984; 221.56602579612283; 131.83132563168417
421.875; 235.25651033553336; 230.74879148005493; 220.33140990311924; 235.6552404866209; 298.76042001555237; 266.31096926066067; 231.0697411717072; 242.19335401199712; 179.28202896350868; 153.15266272561246; 198.60328557322208; 143.4905402688491
477.29707730091957; 191.09595582633608; 193.61610201381725; 259.03509071455994; 253.76064355291135; 257.8001582093745; 241.72708544077727; 263.2888425609; 258.28384802693614; 145.9021656218742; 174.6037050947044; 169.08864053297447; 161.5508734819191
540.2636075333967; 155.65551659945052; 164.23783655430523; 292.59279258520456; 281.0815147771547; 228.53995574986524; 226.24428904473515; 288.02595390094984; 279.02338790485106; 119.8547936263854; 199.5649848161994; 153.41482606900448; 177.81273720792433
608.4367777345483; 123.88954787224446; 138.47176058323743; 310.33813753560094; 287.9322147769918; 203.35941875779062; 205.51219196137512; 309.2316943026396; 282.41496495846815; 96.21361513372456; 208.06192733483184; 133.5416795020014; 187.7980186792501
680.2529975126902; 107.16429387685527; 122.03301951082042; 333.3483872468599; 303.9140904666798; 185.44720866710054; 194.94073267189546; 316.26844749114866; 286.1026291564083; 81.90722896021498; 224.73375555445452; 121.99378052880003; 190.63486198310792
754.672942406179; 101.5121190974135; 119.15237685303732; 333.7494786091116; 307.3355139876448; 180.95226220969687; 194.32404039559884; 331.57562915493935; 291.62185007130535; 78.2427295127189; 225.5913677919671; 121.09451220511059; 199.0203199921125
253.12500000000003; 508.4962466485651; 568.5966754158105; 152.38120893517373; 185.5461906900773; 327.374885987497; 531.4850813298251; 170.07310363300564; 211.67228415372793; 402.3268116904944; 105.28850788582146; 222.96136832394032; 107.38198452461704
266.817177576707; 478.21552086519387; 453.87627646397493; 170.01818033003389; 197.93465154459415; 314.1506855600246; 280.9300637835893; 176.65983679719884; 213.27374029550032; 383.5530981150534; 117.20386251006028; 211.63028957400442; 109.00917354733419
304.21838886727414; 407.5651646785369; 395.55133798783106; 212.13287272982; 228.75665323535816; 294.56760788512895; 261.98885835705903; 194.87034217254305; 225.04358075668853; 329.24587256262544; 147.86204925850825; 196.84077085971012; 121.66924123909196
357.9728079756897; 315.3769172882081; 305.71480328958023; 252.52963023700553; 255.75073131959715; 256.4645585349994; 238.32050200693362; 211.78232910801876; 233.12070242235447; 247.5055524829337; 173.33988773009995; 170.2578483532433; 129.83964472909975
421.875; 239.888143964167; 235.7637169992384; 293.2812579452876; 278.09862913933995; 225.8140674976232; 219.41824813764558; 237.4346804998687; 241.38205294510897; 184.65523945865036; 197.51961693490915; 150.0457316326002; 143.70891960002547
491.9865661275723; 184.68420123125307; 191.06832114158252; 334.8433429774316; 307.0964374880323; 194.0089206237932; 200.9227016055794; 252.79780978796342; 250.9802457194282; 143.43822977495782; 226.99544845167622; 128.70538426374665; 153.2941157697988
566.0047068046343; 144.27149518901848; 155.75803339743237; 358.06946570480557; 320.5747370378785; 169.79128403717277; 186.67362051224774; 270.6690814523913; 260.8436252826264; 112.06228213180547; 242.38195088602538; 112.34121095341224; 162.79187991061724
642.5808558072673; 124.83773436138554; 140.43928799891466; 379.33386702024654; 338.2976621459957; 162.50280678329312; 179.68203097477357; 277.1188684873444; 271.42940360585186; 97.6115169676745; 259.3075515803294; 108.24351929288154; 169.85718056138012
720.9003160111666; 115.95767345693353; 131.07019792165903; 375.0714004457863; 332.7791172490051; 157.6744056425524; 176.39761568007344; 287.2877238630707; 274.0464166427472; 89.47931144572124; 252.18322377604463; 104.68358976122495; 172.8714468617228
168.75; 789.7135775489378; 762.6641483790568; 160.08230267880728; 192.6542735884911; 272.49710620849373; 491.20976168371124; 161.9879628443628; 204.76817449412215; 597.7414660361667; 110.94745649167378; 179.30390378852994; 100.63380575829137
188.66823560154475; 703.4273564979135; 607.5868229748002; 182.57732584187755; 207.28156599309338; 259.20864938547396; 236.8491379827978; 160.8365885154947; 205.0232126449142; 537.5179640007716; 125.95925980562026; 171.02071638260364; 99.00324677873346
238.64853865045978; 542.4515382110832; 508.47584658760945; 234.62116217612422; 240.23755308596105; 230.1668882694696; 228.84293142438773; 175.15495253199578; 212.1529440662254; 430.2430768212338; 161.81420933195844; 156.79493020482028; 109.36579637724068
304.21838886727414; 388.41037963490027; 375.3568652513926; 287.9608443587418; 278.2019374419713; 208.5989630154892; 210.8478261907152; 187.63164528341545; 220.4469872089946; 309.22503352425156; 197.31318683907082; 139.6017628037862; 117.72803892804626
377.3364712030895; 283.7820294645153; 282.4629075653133; 328.057082841813; 309.22811074118783; 178.2783670835682; 192.83441954828953; 205.8380606773904; 232.2576245360968; 222.91386446163656; 225.64386206538384; 119.04915052621259; 128.29182680661052
454.3732806019738; 215.15937854297695; 214.95090708767344; 367.0902568650798; 328.9358315677474; 162.56543237982717; 179.41247118831046; 225.40734624512956; 242.84140404386488; 165.4030862543746; 248.24640519285356; 107.79794109665774; 140.49590380813038
533.634355153414; 166.2776758298905; 176.1796886718547; 395.78389258122684; 351.47002007124087; 149.82333520146904; 173.46078037465446; 235.29236899011732; 249.3595743769026; 128.97596769890507; 267.068762575701; 100.40983275709068; 148.3233661165421
614.2592719080437; 138.18403735069853; 150.30875474219906; 410.6355157886017; 352.41098906205866; 140.450145252082; 166.30978348523806; 250.51849527804504; 251.61960943121255; 106.68316258457031; 275.1731734560462; 93.11300405512921; 152.80580116127078
695.7740743229803; 129.16164347411106; 144.9917828560823; 412.7594066939185; 358.71959820560994; 139.2069195556113; 165.93341840455292; 250.62349586433757; 255.69411310214093; 100.40718056181944; 280.1904366925075; 93.6451434601898; 153.83549594723243
84.375; 1250.4030747846002; 1146.3356650159058; 168.6990329773938; 195.5318109581814; 211.21315969358457; 446.52201178382546; 151.61718798889734; 197.56833466055974; 960.9653952801658; 114.20970304793691; 140.12950830089557; 94.4724711499627
119.32426932522989; 1015.8477674288241; 875.5010594301999; 201.33687892892493; 220.16619191040814; 199.9102339065935; 209.14906294489649; 154.2472848470288; 200.08671652328255; 794.0151644207161; 138.62133957004303; 134.81604616656136; 96.26275595133302
188.66823560154475; 681.9133463790464; 599.3109056641543; 255.04583361113768; 251.36948764605398; 186.56748969374163; 193.5554999893585; 163.89578252417476; 203.16330080687473; 523.685926491021; 173.34588156609004; 122.42173707776419; 100.90503566633846
266.817177576707; 474.53985398635814; 450.20918569925385; 319.2060338804624; 297.1879254464415; 167.60087452649393; 186.960574467279; 176.19018420588617; 212.48220132440957; 379.143495650079; 217.90771347389153; 112.71930203621615; 110.034544013567
347.8870371614901; 335.34764822125135; 328.29025327647855; 363.457873295402; 332.321979489797; 157.8995238575596; 179.6954423933192; 192.51275557611876; 222.55883836535847; 267.91044732979384; 251.65440529743037; 106.00126686093047; 120.9815497619134
430.2297714593913; 244.74455103946235; 238.43131665490458; 404.28274173273485; 353.4712262502419; 140.44452758370247; 167.9066156839786; 205.7428039984362; 230.77893217610787; 188.51323207030015; 275.26164347070187; 94.4825949782029; 128.2890039554507
513.2330884939123; 187.1977084911559; 190.4443909239194; 424.0875882076229; 360.76468711917676; 132.39143614073413; 165.30455713728958; 218.88439458419563; 240.40898312904667; 143.8847131195085; 282.40839310705604; 90.91097418064429; 137.78615427979977
596.6213466261495; 147.93422791169198; 159.5314618554544; 424.39229353158254; 365.0867142988281; 123.27496963466749; 157.36833352860214; 224.25335189032162; 238.77842549824672; 114.11418100389778; 283.6009495263405; 82.76693240755797; 135.3974977567368
680.2529975126902; 138.18024861655786; 151.17747129829945; 431.9051087105946; 373.11382552735796; 123.68882464929517; 157.99031475297576; 225.87571264810953; 246.34744305592463; 106.57603650006779; 291.3981703406608; 84.21516224178342; 139.70298898360983
