ell; low_auto_ch0; low_auto_ch1; high_horizontal_auto_ch0; high_horizontal_auto_ch1; high_vertical_auto_ch0; high_vertical_auto_ch1; high_diagonal_auto_ch0; high_diagonal_auto_ch1; low_cross_ch0_ch1; high_horizontal_cross_ch0_ch1; high_vertical_cross_ch0_ch1; high_diagonal_cross_ch0_ch1
0.0; 3100.0055480267806; 6997.912738750541; 175.52987890032784; 230.1714906684775; 178.059035354508; 275.8140259126858; 148.74807026010538; 219.84446605447096; 2817.2795528793567; 98.73289709848294; 102.07186832206783; 73.90709249750206
168.75; 1774.4501722165414; 1379.3342120743844; 234.03446067680565; 290.37076702703126; 171.26367588889585; 213.2146287474292; 152.0403584492634; 219.28505880506955; 1301.7769061759022; 130.1476762489892; 96.7003887939336; 75.1057793722934
337.5; 911.2427091604238; 766.6438575434371; 304.63581882490917; 311.11918404142466; 158.8228847684946; 209.5693393417037; 158.6609215337759; 221.54476224751917; 677.0731863223054; 171.20886065317322; 91.46011522076766; 77.9310824924219
506.25000000000006; 529.5361728629289; 465.2019106498926; 357.5633607091053; 306.9025916190367; 149.75204280187228; 204.4030744199096; 171.27436263514556; 228.04413273972318; 383.28521968277863; 196.7674682817037; 85.60416207930523; 84.29279466769822
675.0; 328.27125428304015; 313.7195445285268; 391.06821496318736; 329.7031776107067; 138.6295810782776; 201.0740494189995; 184.0763908575302; 232.9191720257963; 237.4234281174262; 215.02823640693794; 80.75185701678942; 88.97716144608447
843.7500000000001; 222.27523680648065; 233.84076766332836; 413.89512601543566; 334.22886234620256; 129.32254112527045; 195.4609482820483; 197.2066771620334; 236.1545896772003; 160.68637104442496; 225.73439089960652; 75.49273394782827; 94.71727964235515
1012.5000000000001; 164.2953172637963; 191.3680113177616; 431.17546432358614; 346.1468649369391; 121.44916716713512; 191.82178268514534; 208.57322791077254; 240.10708003069848; 118.67929950168849; 234.37518981420405; 71.2348840915397; 101.23973536772681
1181.25; 134.5249171559399; 191.2880587945173; 445.4042650928576; 428.484280044147; 117.75548396348073; 190.27771862072956; 215.72408615099687; 247.3728546399344; 98.21976967176924; 241.7507461647752; 68.95647838795574; 104.53176967758561
1350.0; 125.1453545895778; 164.55498479749537; 445.3835196126594; 366.5339181916336; 114.59238255767471; 190.12021472949527; 216.78251809602355; 245.15587684759586; 91.86350801823286; 239.81276527302023; 66.8329298010806; 104.917398964376
168.75; 1795.9523423678784; 1359.6409519203391; 169.22423297174333; 215.953741913794; 235.11832876309194; 293.9629496937879; 150.28904674985216; 220.27789796769784; 1295.9278639433887; 96.08621465552307; 131.74103343302582; 74.2232606232193
238.64853865045978; 1313.3597491729804; 1050.171497413671; 216.02014734877233; 235.44470375829715; 216.5588566367955; 234.29676628774934; 154.01583673745566; 220.693862118449; 964.0768579168312; 121.43969771397322; 122.16981871135687; 75.63681316150505
377.3364712030895; 776.3578238643167; 660.0209584366656; 286.0743018303918; 267.12420219188374; 188.4575510972794; 221.63630084686068; 163.74896965899512; 223.3707990490879; 572.4985556623194; 159.82722347243345; 105.59547449546703; 80.03425760717995
533.634355153414; 476.14059362048044; 424.9596779853921; 344.1805781376895; 291.56647391796065; 168.15639139260605; 214.62016960445155; 177.37032464728884; 227.93851389204778; 345.3629463932792; 188.84431955050232; 96.72538401744332; 85.98016142900127
695.7740743229803; 301.7829368443785; 292.20350236942926; 374.17090302686785; 303.883134172455; 150.14222706585525; 205.21469328568182; 190.08237437784558; 234.0003912710756; 218.13430093757606; 203.51884113207737; 86.13695205260909; 92.7215636883986
860.4595429187826; 209.07141229574626; 220.99765914895076; 401.2814590984534; 317.9879597952139; 137.1015889257968; 198.5460124647169; 203.17661294275254; 239.05901747786368; 150.10048095146158; 217.1981871829558; 78.86218310251708; 97.20083081519321
1026.4661769878246; 154.8951739231987; 181.22485443298692; 425.88618850280363; 330.457925935027; 127.23071290808805; 194.13650078916243; 213.22745158083137; 242.58430665860965; 113.02145978024254; 231.47624034832555; 74.0587259099785; 101.88036653289919
1193.242693252299; 126.13146776829441; 158.47455916568472; 436.2136431931093; 335.9642923350942; 121.76057494071549; 190.5419667159385; 223.3302908271318; 245.42208857137823; 92.00336961954068; 236.70577906139863; 70.31223021632856; 105.85999359299306
1360.5059950253803; 116.68762137446899; 152.17793032401207; 436.384000001509; 335.53918199209; 119.0348031373822; 191.50630276008891; 226.94565936021854; 246.5548271487661; 85.87157570444235; 237.08814727037475; 69.47601168565298; 108.19278275856911
337.5; 926.2259194733427; 766.1425467422512; 158.44717937307507; 210.15480091759125; 308.4015185314924; 326.66369613697003; 159.02719818465076; 222.05063091909892; 680.8299933535002; 90.20989868353682; 171.83877605618352; 78.1030661592046
377.3364712030895; 783.8587185106632; 657.3664315867645; 189.25354358845567; 225.8790030333054; 286.9152954287981; 265.31057226808224; 162.2591659159397; 224.398843884379; 573.7536147610018; 107.02096355965011; 159.65626034801875; 80.53842598135344
477.29707730091957; 549.714367350011; 474.4900062656619; 248.56942853821383; 247.5424990172965; 247.8655045163766; 247.0050475660374; 176.0176893955194; 227.5636925245673; 395.35822854266286; 137.52838035275974; 137.3566295777942; 86.18577190012908
608.4367777345483; 370.6370828995299; 343.4211187234475; 303.744535343931; 273.3313948205009; 211.19024683345563; 230.35178072740376; 193.58718657472883; 233.611750525183; 266.85524568702226; 166.95954759151135; 118.3352097760699; 93.19571132014573
754.672942406179; 253.7840852205423; 255.809052223083; 341.7780867938641; 292.10559619190855; 182.9502603153789; 220.63236607777142; 208.84349125967591; 239.9544277175072; 183.5533324835539; 186.9731369185278; 103.37376153749223; 100.2005254765867
908.7465612039476; 179.66234051323153; 199.0663273345614; 373.0543043524324; 304.6771918982406; 160.56163985103203; 208.6447600361395; 225.1826313826282; 245.58794323309738; 129.8022329191303; 203.4784735411602; 91.35403766989577; 108.63421059285913
1067.268710306828; 136.53457477284547; 166.7278033601223; 392.51781634724944; 313.71180926409914; 145.1613712853693; 202.0461354684061; 237.79301446737355; 250.26011634995743; 98.96412246150646; 211.95618317110205; 82.82403968448206; 113.34029651949267
1228.5185438160875; 112.41506142455911; 147.75422814443883; 404.6224500680037; 323.293418143781; 137.1012699787632; 199.70650537958707; 247.18690464389599; 253.50660344534936; 82.08267117161851; 220.11653092222696; 79.51173507198868; 116.37334859831651
1391.5481486459605; 104.86702865951939; 141.14267484062162; 406.0351504689189; 320.6232506208909; 133.8894301266213; 197.4909320026058; 251.4757927553366; 256.01133522401295; 76.457122138599; 218.5241284849018; 77.90742559252337; 120.31542488155766
506.25000000000006; 529.9951169178038; 465.85073711985683; 148.1453218307897; 206.0015894156073; 357.87925458782644; 363.06810154811416; 169.46588127223407; 227.14265900788808; 381.73001125514986; 84.45422477551972; 196.24448002411467; 83.52899511132858
533.634355153414; 477.1177106253371; 424.1642769434686; 167.61819857030537; 215.15777335320388; 342.97968343070477; 292.2508993916637; 174.91725300780965; 230.2068223229721; 344.5040914297827; 95.86684092010765; 189.45707023020995; 86.3446503295476
608.4367777345483; 372.8156070176034; 347.18930095292; 211.38349444423994; 234.77589063558014; 302.74003788091517; 275.27339533105265; 193.38314241476786; 235.63407198978751; 270.31373719107273; 118.93116785019689; 167.82043076108408; 94.32908946521371
715.9456159513794; 276.13356134693527; 270.937771613203; 260.1495916067927; 254.7881330342281; 259.625965679218; 254.64857441625563; 212.67882745321398; 241.11004636021272; 198.56039895616024; 144.42189557262236; 144.56006021233034; 102.8126595226746
843.75; 203.14852927442163; 217.73743881352073; 301.7437576095736; 273.7054330142767; 223.0764659300355; 237.66035415409124; 236.54453320839318; 248.23249163248983; 146.71976574869964; 165.4662657352636; 125.17556406576448; 112.72708669591434
983.9731322551446; 151.35183637148242; 177.54305363011605; 333.83772459285564; 292.38591604149747; 192.64110607290252; 223.30150629791396; 257.82846371750105; 255.77337661639075; 109.59914544180882; 184.399610807186; 108.38728272146277; 122.85187693887183
1132.0094136092687; 116.54395835568398; 151.8049724849066; 351.9610086121029; 302.830249331937; 169.0831345383124; 215.129295811005; 271.68175230597944; 262.33095919649327; 85.16338868032162; 194.28838997938013; 96.26334329369381; 129.59706279172147
1285.1617116145346; 97.99055156164906; 136.42793980148184; 364.64207330080364; 305.15935585375917; 157.53707171961983; 208.16293275037955; 284.5251951053585; 264.61547293616326; 71.54692896925081; 198.49215425011946; 89.90075994243674; 133.51884385971786
1441.8006320223333; 91.9113917866336; 131.33928448627765; 369.6870979023093; 307.2898018637254; 152.3614813762681; 206.4620171147984; 285.2405471669341; 265.67010879355325; 67.16335093048534; 201.7178870092377; 86.94710432482633; 134.07002386996996
675.0; 332.29767174406055; 316.5795510889033; 137.51410756777454; 198.9818478930191; 390.6851637201116; 333.5929499149965; 184.7739235767364; 231.72441778779532; 240.37906379816044; 78.71071270079062; 212.69145122546567; 89.73349474979716
695.7740743229803; 305.11709281203804; 293.1508651199721; 150.37420614603133; 206.89786462849224; 379.4998836756069; 307.99070812861856; 189.0135911277337; 234.7567072117742; 220.21201433424318; 85.7063032428942; 207.9551442601411; 91.67977540289944
754.672942406179; 254.13812824097676; 252.77975279271539; 183.32268070662823; 222.38789843503557; 340.91348564178077; 291.10116458679295; 209.25329796466906; 240.7688217000446; 181.7104103183909; 103.643531996412; 186.1016972749914; 101.07899542459694
843.75; 200.6164262816725; 215.42271761722213; 220.9047647143349; 237.46050586772085; 299.0813504183071; 274.2272347142553; 236.15840269170917; 248.05161647304004; 144.66163887113336; 122.78476927340054; 166.2945568215454; 111.80695610839317
954.5941546018391; 158.87579577264532; 183.6984742456016; 260.8418455779585; 256.8083027136276; 258.462952189132; 254.86744846145896; 261.36805871558795; 257.3449645123235; 115.07650165339686; 145.05867667522665; 142.36611812621888; 123.78523741663383
1080.5272150667934; 123.4145080899867; 157.0212140874648; 290.5579507635727; 270.4793258508727; 224.14546015521162; 238.94999722869903; 288.8005952994507; 264.4094146996914; 90.33671637109461; 160.8379749293309; 125.45721839304562; 135.6962014414197
1216.8735554690966; 98.71074618570495; 138.01582441112606; 307.7619083432818; 279.65364821436515; 196.47755747720535; 226.89132094641357; 307.01236122842414; 270.69838346869; 72.64037456722045; 169.02960859995113; 110.7638585228896; 142.18270263956447
1360.5059950253803; 85.00278941390825; 125.28660754716341; 322.92228523604035; 284.82267930670497; 181.39900215455967; 217.6879857424987; 322.4925763794928; 276.80905843268334; 61.917579686295106; 177.33468347910153; 101.66866961110212; 149.64653182914012
1509.345884812358; 79.47305322743597; 122.28409755497675; 330.7706541948145; 289.872034810551; 174.04208647643458; 217.2569852508288; 328.3782549105731; 281.0594023876011; 58.85342828718216; 182.4852176988769; 99.04893866871288; 154.89322024270336
843.7500000000001; 226.33316427719524; 236.79210224619254; 128.49615328887197; 195.56709797970856; 420.34275142436707; 342.9964601444123; 196.31761955111497; 234.7842234480468; 163.10933876124085; 74.31261194291525; 230.0085535022624; 95.14682513429365
860.4595429187826; 208.98780710961606; 223.03198625856155; 136.60612501875585; 200.66471138474492; 406.6725208710215; 321.1760599772439; 203.81619824376634; 237.56423561550122; 152.00892022067032; 78.92125804302309; 222.45089048162905; 97.43484610708734
908.7465612039476; 181.33633569328583; 202.5093473873753; 162.35345987781105; 211.6757396831691; 373.96374486291944; 307.4916453039905; 227.46639333790884; 246.32918885443462; 130.9161453507794; 92.99806579059427; 204.03521647241547; 109.05214958829087
983.9731322551446; 151.1788915379452; 177.35237648308578; 191.19831410183588; 224.46439266700017; 330.919053892377; 289.32085096135415; 252.86209739641077; 255.5199065964021; 109.31200260879898; 107.1219653185297; 182.55791718357173; 119.41425939809044
1080.5272150667934; 123.9006829917366; 155.58729932237037; 223.91622695909246; 237.93289205784492; 290.4981541606986; 269.3297454629037; 287.49335971782835; 266.74349994335074; 90.19139237589005; 123.35663031840141; 160.70839025990153; 135.63342553141675
1193.2426932522992; 99.84222846693852; 137.26796153496164; 250.6142164983966; 253.65519998544832; 250.2575201402455; 252.61651573682008; 319.07107383817737; 276.6309360521547; 72.73811347491231; 140.0535958674884; 138.42806920981167; 149.8454182357282
1317.9796328092482; 82.64278341032946; 124.32249642913642; 270.97481737504506; 260.40412541721406; 221.81834498141433; 239.85069587880454; 344.05694057465433; 284.6836974829378; 61.013535046442584; 149.15921377142791; 124.90857550789693; 160.43265414990066
1451.6423888134432; 72.5732842739391; 117.14067376955524; 285.0146959946538; 270.7769512005945; 201.02057147997988; 231.31421071959275; 359.13066555637437; 290.84266587709266; 54.33206696440771; 158.74413304657764; 113.13546323063024; 167.2788297507989
1591.984316034552; 69.44796484169402; 112.5416504757752; 287.9555675063269; 269.7262931455997; 196.21772258268288; 225.9046420472125; 365.3178131301262; 289.2475966174872; 51.19897661488908; 158.88776049609723; 109.38760019431254; 168.00734047670653
1012.5000000000001; 164.0637250921768; 191.9940156280775; 120.4818675697033; 190.7086845945279; 432.19126356904417; 351.26413760888244; 205.84624289424994; 239.76680710197422; 119.5791557897422; 70.00982566265115; 235.0886229242205; 98.6016384637017
1026.4661769878246; 155.6030991325151; 179.4632836687362; 127.60397806319; 192.68145783808234; 425.009914529145; 331.7393758830137; 215.70706260282606; 243.02883212812492; 112.2062152963196; 72.83407090676549; 231.69224123543663; 102.80422108259383
1067.268710306828; 137.5125873119904; 167.96014149955187; 145.80104743168698; 204.19045085017652; 394.48423036069073; 317.60527515552724; 237.15061132867643; 251.61643114692865; 100.10475146488935; 83.53252161606491; 216.35824233296697; 113.1664959985125
1132.0094136092687; 116.8733436847424; 149.39745808510554; 172.12833792261912; 215.86238856945556; 353.85979999685526; 296.81945826777377; 273.97264099606156; 262.48467350700315; 84.08481852005642; 97.9300386803912; 192.47551277254166; 129.10319432836096
1216.8735554690966; 98.74223443280951; 136.88242654105903; 196.80662322056398; 227.32441537352872; 312.16403279171516; 281.07838365282805; 307.8261420640474; 275.17943381962823; 71.79113231442938; 110.80126013593565; 171.79254445024404; 145.5500327008053
1317.9796328092482; 83.05614509986138; 123.54554086225926; 221.6403594586265; 236.4726639156658; 272.7507277033201; 262.6891551044624; 345.5975247068622; 282.763050201621; 61.33764598720033; 122.99733884448523; 151.5182436740153; 159.79368444460948
1431.8912319027588; 70.44114762843421; 114.1794395243422; 237.9335801765007; 248.75448551781227; 239.4012483335239; 247.6479281359905; 370.80954933367303; 296.5419489680397; 52.25929638496338; 133.0616893899148; 133.66500115054856; 173.4927850883332
1555.7981271681747; 63.49955076988864; 108.4062217019612; 253.3878436585939; 254.5396780201523; 219.26248467717505; 240.98965297962312; 388.94449573993234; 298.9892411956764; 47.39166218509983; 141.22628548950033; 124.39081700765615; 180.05936274609525
1687.5; 60.32610023605499; 107.26637493403263; 254.93964945322716; 255.1702879953982; 212.15905882034593; 235.91259138379166; 394.4311254790119; 300.8557299203944; 45.22703715699742; 141.7587468664863; 118.79313901698995; 181.8607743118277
1181.25; 133.7758194506205; 168.69454485277987; 115.76800829822983; 187.74445977300704; 437.93512134980244; 352.16902073223605; 213.34009083664853; 243.29427993093626; 97.82525804899196; 66.93602024718005; 239.7554163466809; 102.25080306209563
1193.242693252299; 127.12675083538574; 158.6163942560059; 121.9329294456233; 191.81491261272126; 434.95687827297553; 336.3848061986242; 223.97719748276654; 246.80796975775655; 93.03835381832796; 70.99986435977316; 237.46164885439228; 106.9243594338544
1228.5185438160875; 112.89298455370458; 149.0220975802813; 137.23860196822514; 198.3296879618433; 406.471566694503; 326.9768225518624; 247.92206729721963; 254.5594194890499; 82.29028689908293; 78.40594934944; 223.2848926283396; 117.77677360050086
1285.1617116145346; 97.18155620847917; 137.1988056783162; 156.06480257192445; 210.5313256599362; 364.9167656470599; 307.77943258146144; 282.74153555650696; 265.09437048863253; 71.41994498078168; 89.93394647150653; 200.47942505441685; 133.93890284855905
1360.5059950253803; 83.90159275603102; 125.51059757524055; 182.0169342484374; 220.81239365095945; 321.49505495041586; 287.6415565456769; 320.21032446329264; 277.9093096315293; 61.47392724544407; 102.83713111387397; 176.60569273100256; 148.98057722724695
1451.6423888134432; 72.2265771110328; 116.85731635989104; 201.3364603103249; 228.4414996965761; 281.77518876817646; 268.3565412157544; 357.0449040257404; 290.6005467786476; 54.06009418573585; 113.56088916831919; 156.54340737144994; 165.92574704620253
1555.7981271681747; 62.58017529213341; 108.03256099322236; 219.40071644854646; 240.06023557021481; 250.82148972579694; 254.10546921656461; 389.9028015699885; 301.32866630313384; 46.10198311404459; 123.00770206155993; 139.4312631807062; 179.28181373029062
1670.5397705532184; 57.42973324914488; 103.787935254486; 229.6624394692157; 243.4006054512034; 231.65691326496358; 246.55347225946502; 408.8796504949728; 307.57966577492226; 42.60094410444342; 127.93412042106831; 130.16509716121394; 188.9040635734246
1793.8371058989721; 55.263262055248035; 102.59966305412696; 236.57752228295627; 246.782396694965; 224.38729296268082; 242.63836048258284; 417.08316120064563; 309.4744241593711; 41.55582776470804; 131.14377589070142; 125.26690808505224; 192.08491473396995
1350.0; 125.53889711242435; 162.69041272183486; 114.43640087997746; 190.20829680068883; 446.4017719574325; 350.0801163764642; 217.25950146160642; 243.83627424098668; 91.5623587653748; 66.62424801301879; 240.4528258526812; 103.25048577622215
1360.5059950253803; 116.94320013836546; 151.57023356415434; 119.88284718406383; 190.72038572168975; 438.480558528936; 336.78202107943576; 225.75792377502788; 248.63733714986; 85.59269367515067; 69.19116972912227; 237.97395222602393; 108.6322232051908
1391.5481486459605; 104.88828039272401; 142.0360429745318; 134.77412691777914; 197.7492642340686; 409.4698880260069; 326.51704903196827; 251.21471710343488; 256.0169983455329; 76.77054720611046; 77.4405592822368; 224.85154806002126; 119.04772977972914
1441.8006320223333; 92.73636846962354; 133.02155484346198; 153.17200321629954; 206.20804805299713; 368.94650135336565; 309.8632793725603; 286.0998531939402; 267.3070633162258; 68.45521295505152; 87.06248306272407; 203.20410805956772; 134.64277000431613
1509.345884812358; 80.3486913504612; 125.05563136309647; 176.48250716768192; 218.87412317084093; 329.81387813362744; 294.65681984156055; 327.6831519636806; 282.79804083571315; 59.58615240876819; 100.04894904193398; 182.51875963222002; 153.3960303963288
1591.984316034552; 69.49452515711226; 115.13131055613344; 195.86191682326572; 227.9765161112686; 290.6499911360581; 274.61268584993405; 365.2599394823663; 292.6263742020131; 51.99659171694229; 111.03152498688127; 161.28662659751458; 167.72812447809926
1687.5; 61.016305697635936; 107.69027066684787; 212.99771394510083; 235.59488367546265; 256.0543913405784; 257.05200205035453; 392.1906245095248; 301.2267461931086; 45.676568793043934; 118.87696827521908; 141.11526718724954; 180.1257751905039
1793.8371058989721; 55.08691420898164; 101.77270345644752; 225.21745562418886; 241.02946293100305; 231.1802756168532; 246.69459373524217; 413.02831122917144; 309.23489101978413; 41.29990940341092; 124.93873223234152; 129.25437063084075; 190.1301665970119
1909.1883092036783; 53.18161834750584; 99.90616143250017; 228.11296872618692; 242.21906029096132; 228.2083474502606; 242.48484406996593; 425.89335606428875; 314.4528153011796; 39.508741064569; 127.06865989762841; 125.86593971641183; 196.61129527930947
1181.25; 133.7758194506205; 168.69454485277987; 115.76800829822983; 187.74445977300704; 437.93512134980244; 352.16902073223605; 213.34009083664853; 243.29427993093626; 97.82525804899196; 66.93602024718005; 239.7554163466809; 102.25080306209563
1193.242693252299; 127.7773220597895; 158.50048997380046; 121.42002533195735; 191.75153067672684; 430.71733888810445; 336.2305216293105; 221.690090189568; 245.73873632549913; 93.01299240980987; 70.51647313861606; 235.6232684460127; 106.53698977721183
1228.5185438160875; 113.06691224094594; 148.7170289226929; 136.82331291198517; 198.33090611338764; 406.0720416808468; 323.19435620323134; 247.3831641699797; 253.7429193435883; 83.03942146146855; 78.44478565776743; 222.3645311069553; 117.39336853104707
1285.1617116145346; 98.26376070737436; 136.73983282666123; 158.36886797269233; 209.85123468140026; 364.2472221845272; 303.8094954925725; 278.7085239419139; 263.8610634805721; 71.65644110151436; 90.13271946445951; 197.1901737393829; 130.60337196303877
1360.5059950253803; 85.00625507414527; 126.88543985725964; 181.90460002096683; 220.88465168377044; 324.8545589913098; 288.2849137832074; 321.92324500913935; 280.64556999452816; 62.77150852642137; 103.10536732997544; 179.31555860331605; 151.21221480344465
1451.6423888134432; 72.44989321622637; 116.12499774293465; 202.1857554820283; 230.3002396442912; 281.4149326145924; 269.2468499709585; 360.2717292084014; 292.05939560746623; 53.778643175943586; 113.94754113855636; 157.2934940519207; 168.2073920788372
1555.7981271681747; 63.53291954844163; 109.1898836332477; 220.4130945731459; 238.9689931597898; 252.71584209944663; 254.77611369562726; 388.64839472513376; 301.1885465784627; 47.43086645699915; 123.19778647949389; 141.47958524248483; 179.9075553594484
1670.5397705532184; 57.2290280396956; 104.69228049850156; 230.8756864008765; 242.80878134709297; 230.17708922987498; 244.849769540981; 408.9541145615243; 309.35733306577754; 43.07274774042999; 128.41004169803963; 129.6025249885773; 190.08880891167738
1793.8371058989721; 55.263262055248035; 102.59966305412696; 236.57752228295627; 246.782396694965; 224.38729296268082; 242.63836048258284; 417.08316120064563; 309.4744241593711; 41.55582776470804; 131.14377589070142; 125.26690808505224; 192.08491473396995
1012.5000000000001; 164.0637250921768; 191.9940156280775; 120.4818675697033; 190.7086845945279; 432.19126356904417; 351.26413760888244; 205.84624289424994; 239.76680710197422; 119.5791557897422; 70.00982566265115; 235.0886229242205; 98.6016384637017
1026.4661769878246; 155.30616715002174; 178.627312911021; 127.52566910086375; 194.47578802731593; 423.59440176696864; 329.40930069497176; 214.73786055986255; 243.33265257591478; 111.82638396056383; 73.74733039392957; 230.16791825452623; 102.1528816146925
1067.268710306828; 136.86142197682332; 166.42259115106003; 145.98133462362998; 203.42288293141098; 394.693797511595; 318.38547180368846; 237.6815921084863; 250.68942984368908; 99.58696802533103; 84.15980887744593; 217.03669631788676; 112.75124683355237
1132.0094136092687; 117.83028190890809; 151.88303223800912; 171.36996835098498; 216.38351950871228; 355.9774151966858; 300.7729933293698; 272.03918561135157; 262.367494455616; 86.39309477092945; 97.62938000099844; 195.44402649983812; 128.63941952278194
1216.8735554690966; 98.83446388768833; 136.56124252099616; 196.85320752767507; 227.01928499465004; 308.90010447975004; 279.1851455498011; 308.483540408835; 271.8408506667084; 72.07858017235894; 110.73230376573981; 169.95823926246956; 143.88347750026213
1317.9796328092482; 81.82173196050044; 124.66545980882755; 219.00112676164738; 238.1917245106328; 272.1902962371826; 262.53452084170834; 339.58824984600244; 286.3108171540744; 60.616182948567214; 122.82890415621786; 150.80556178417794; 159.08526677782925
1431.8912319027588; 70.62037434458551; 113.31778153075815; 241.0010479695996; 246.51525801305988; 237.59916305083544; 245.6122199120309; 372.3799386055908; 294.1250360337226; 51.823047496602854; 133.93426902395137; 132.17199202174592; 172.4616792839082
1555.7981271681747; 63.07322672573893; 108.97909171276599; 252.48260686232558; 254.66735102295777; 218.95537586688187; 239.1936260909779; 388.7422947240145; 300.2467079939082; 46.981892516250184; 139.6228065352162; 123.00425956987266; 179.05451153438017
1687.5; 60.32610023605499; 107.26637493403263; 254.93964945322716; 255.1702879953982; 212.15905882034593; 235.91259138379166; 394.4311254790119; 300.8557299203944; 45.22703715699742; 141.7587468664863; 118.79313901698995; 181.8607743118277
843.7500000000001; 226.33316427719524; 236.79210224619254; 128.49615328887197; 195.56709797970856; 420.34275142436707; 342.9964601444123; 196.31761955111497; 234.7842234480468; 163.10933876124085; 74.31261194291525; 230.0085535022624; 95.14682513429365
860.4595429187826; 210.35325096828709; 222.6330317052264; 137.57801254633247; 201.3512013083556; 406.13078007316017; 321.3164449457859; 205.42537568833714; 240.79883488244963; 152.08617344472242; 79.63113886522441; 220.90508403752565; 100.03268225140792
908.7465612039476; 183.41674054095165; 202.15886469956368; 161.62618260063056; 210.63932200670013; 377.3162109731599; 307.0008787777998; 225.075595809267; 244.69275686140898; 133.05212427599758; 91.8527814650555; 205.60316231301903; 107.68021165369237
983.9731322551446; 150.25645570134105; 176.43967710506186; 193.21711147117233; 224.35298511443327; 328.16488471548075; 288.1636503188697; 255.16543728919038; 256.028447394151; 108.5358823617193; 109.20099602905043; 180.07090566783938; 121.7901315200697
1080.5272150667934; 122.8144676590092; 154.5511455866026; 222.21862627345035; 239.3876221925175; 290.2354512903559; 268.3618422554192; 289.2495677487881; 267.3382209311816; 89.40840735788082; 124.4668300835623; 160.17538250538738; 136.92991315851145
1193.2426932522992; 99.51585503930428; 138.03067313522985; 251.40699192531488; 255.73412776988792; 248.6262590170895; 251.99600561030806; 317.65804622958166; 275.13221718608435; 73.08793451366277; 141.6376306939965; 139.46178709821146; 147.47332887890275
1317.9796328092482; 83.1834833599641; 123.81499307595782; 270.97113576858305; 261.0712248120286; 221.26701700848966; 238.93196608579672; 343.48523376407746; 284.5549641061831; 60.66817281379489; 149.68605838263647; 124.49400039679716; 160.05715118862528
1451.6423888134432; 72.13985598688646; 115.4699745519214; 280.13942314719236; 269.3371512814067; 198.5890913552764; 229.33717210807265; 356.21219640355287; 290.37690620128507; 53.346411037265064; 155.75499286876047; 111.50932344672304; 166.25327708754142
1591.984316034552; 69.44796484169402; 112.5416504757752; 287.9555675063269; 269.7262931455997; 196.21772258268288; 225.9046420472125; 365.3178131301262; 289.2475966174872; 51.19897661488908; 158.88776049609723; 109.38760019431254; 168.00734047670653
675.0; 332.29767174406055; 316.5795510889033; 137.51410756777454; 198.9818478930191; 390.6851637201116; 333.5929499149965; 184.7739235767364; 231.72441778779532; 240.37906379816044; 78.71071270079062; 212.69145122546567; 89.73349474979716
695.7740743229803; 304.34864727936525; 295.16956261977487; 151.1585436030532; 206.4775890070128; 377.93521882695046; 309.5728315522277; 190.0466939794568; 232.8035839773093; 220.96448821399082; 85.8237118649685; 207.87790082538646; 93.04034604012247
754.672942406179; 255.29212692061964; 256.87361008769795; 181.71198539517925; 221.93886408506208; 344.77852826570194; 292.3003539281544; 210.5427643863112; 239.3924419009671; 185.11944136157967; 104.02025565046232; 189.59739511572826; 101.14183955033853
843.75; 206.18939067079313; 217.54779034566238; 222.1988115615388; 238.46945746207916; 302.712437159834; 273.4417561598236; 234.34979098711946; 248.5798924740163; 148.25385453533127; 124.38836519827777; 166.20337658300707; 111.22295175002203
954.5941546018391; 158.6425512446501; 182.55001319943892; 259.1665345703177; 253.64544284990893; 259.8566091463829; 253.61035666905377; 261.19338242648575; 257.10101556187846; 113.85072633838001; 142.47304336451037; 143.29339777941885; 123.90504972717117
1080.5272150667934; 123.48725905926777; 155.10003457427896; 291.45768016582696; 271.1497355843174; 222.75928778043442; 235.63535158794542; 288.50855924187607; 268.4203583502019; 89.77466376993017; 161.50992101007026; 123.93394894376462; 137.2268417633366
1216.8735554690966; 99.25029678509813; 137.64177617956787; 311.53388947195936; 279.7975336948654; 196.20567375122437; 225.80396088234698; 308.08191092310426; 273.5657820911112; 72.39165326192659; 170.49572499242322; 109.83538843770431; 142.52427242734285
1360.5059950253803; 84.33460484431866; 125.23994074737655; 324.0875227821708; 287.19267549343357; 182.2510011318114; 220.23756192849686; 320.8333378967369; 278.1573808828908; 62.06103133630232; 179.0107587122913; 103.08310720732082; 150.09599321342074
1509.345884812358; 79.47305322743597; 122.28409755497675; 330.7706541948145; 289.872034810551; 174.04208647643458; 217.2569852508288; 328.3782549105731; 281.0594023876011; 58.85342828718216; 182.4852176988769; 99.04893866871288; 154.89322024270336
506.25000000000006; 529.9951169178038; 465.85073711985683; 148.1453218307897; 206.0015894156073; 357.87925458782644; 363.06810154811416; 169.46588127223407; 227.14265900788808; 381.73001125514986; 84.45422477551972; 196.24448002411467; 83.52899511132858
533.634355153414; 471.29394328579815; 419.72533416108337; 168.97366698642946; 215.58044402570494; 341.05313171322655; 289.3838326650871; 175.48336896699686; 229.02806448975338; 339.33177725314613; 95.98916355740774; 187.21845711609984; 86.18921822538613
608.4367777345483; 368.2242938077811; 344.69926952786005; 212.09299757339213; 236.0419225753409; 299.5511751253026; 270.9104630227282; 192.3289079627325; 232.94814078294033; 266.72841999700137; 120.72463750240549; 164.87572475763636; 93.26600065818245
715.9456159513794; 274.42498492539596; 272.60255088548087; 259.1832022162514; 258.16461379284084; 258.01688332638105; 252.58676648985627; 214.18210513513614; 242.17393709569566; 198.3268294688579; 145.51603215026248; 143.03728279525436; 103.39647300349097
843.75; 202.24365279850278; 215.10593394206862; 302.4253966138805; 271.1789665606124; 222.56427846461742; 238.1934570672387; 234.93776681102904; 247.54023680376227; 145.17814477261544; 163.94216638036497; 124.56216386730057; 111.63910966857864
983.9731322551446; 151.8707786087611; 177.7662210377768; 333.4876638823916; 290.29638123644787; 193.40780513983702; 226.64103231431318; 256.7138002012497; 256.18038200585084; 109.94001845127747; 182.9135544881708; 110.16831507298495; 122.41993052256052
1132.0094136092687; 117.21843663690257; 152.37082973080194; 355.2370790962646; 301.3343840877091; 170.41915252296087; 215.57946694348368; 272.70222343487023; 262.3530548007866; 85.24650332095541; 194.26000773647775; 97.06569759716182; 128.37712881575538
1285.1617116145346; 97.91438389555915; 137.01237229296711; 366.97468011445477; 306.4610911461093; 158.86343794100847; 207.16764569827038; 283.24645110589046; 264.16289624453634; 71.8191508448669; 201.13444283649076; 90.7247371164814; 133.52992904484861
1441.8006320223333; 91.9113917866336; 131.33928448627765; 369.6870979023093; 307.2898018637254; 152.3614813762681; 206.4620171147984; 285.2405471669341; 265.67010879355325; 67.16335093048534; 201.7178870092377; 86.94710432482633; 134.07002386996996
337.5; 926.2259194733427; 766.1425467422512; 158.44717937307507; 210.15480091759125; 308.4015185314924; 326.66369613697003; 159.02719818465076; 222.05063091909892; 680.8299933535002; 90.20989868353682; 171.83877605618352; 78.1030661592046
377.3364712030895; 774.5135850832048; 659.5939234473284; 187.60345821160354; 223.24170927683744; 284.01140102889764; 261.34288243280525; 163.86573252369118; 225.27239809303535; 571.4397795456066; 106.0356152404125; 157.3012674343243; 81.17750394308673
477.29707730091957; 546.8664355105417; 477.19013091263326; 245.71854610070326; 250.2872119647614; 247.07505524910695; 247.01407127988503; 176.84998104367003; 229.2397516325956; 394.7409697621958; 138.0474404357492; 138.44433695591547; 86.28052948799375
608.4367777345483; 368.75703485073; 345.6072232069028; 302.7817252786767; 272.3716158257065; 210.992658750297; 230.10698036501915; 191.18489986400417; 232.89516992254468; 267.4276466964851; 166.21211719671822; 117.06022250290559; 91.88935403201067
754.672942406179; 251.96389420153483; 253.3305681411428; 344.3776158299697; 291.98911965952857; 183.122824161315; 220.5613559891707; 210.50397803935036; 239.93532592622955; 181.16743766339184; 188.65743987263414; 104.49458926084235; 100.6275332938753
908.7465612039476; 180.54186878844217; 199.3036851188603; 376.15578662376015; 306.1887263596201; 161.96913957953052; 210.54236938669246; 225.5702709138826; 244.08049481711416; 129.64963818062049; 205.08478758163432; 92.56281559660437; 107.27329990315019
1067.268710306828; 136.34490148286747; 165.7377825464664; 394.95625736633275; 315.1199927951785; 146.50771718353118; 202.61399220249066; 239.57513909022032; 248.24929291527525; 98.84125634731127; 213.57228532357982; 83.58397804077184; 112.8692871322407
1228.5185438160875; 112.10467837531411; 147.71950653592882; 406.74274374326956; 323.41758952689435; 135.45953880992192; 198.71546400181842; 247.98795063771254; 254.03632253250822; 81.61545572691976; 221.95610988583022; 78.5377436902048; 118.78149614783037
1391.5481486459605; 104.86702865951939; 141.14267484062162; 406.0351504689189; 320.6232506208909; 133.8894301266213; 197.4909320026058; 251.4757927553366; 256.01133522401295; 76.457122138599; 218.5241284849018; 77.90742559252337; 120.31542488155766
168.75; 1795.9523423678784; 1359.6409519203391; 169.22423297174333; 215.953741913794; 235.11832876309194; 293.9629496937879; 150.28904674985216; 220.27789796769784; 1295.9278639433887; 96.08621465552307; 131.74103343302582; 74.2232606232193
238.64853865045978; 1305.125922798887; 1049.791540023358; 215.42948338633204; 236.21731196950174; 216.5627431033696; 235.07982108510004; 153.36983021347547; 221.9925142979094; 961.1539620443511; 121.68174274230546; 121.8711171045009; 76.40859203788641
377.3364712030895; 766.0994537687085; 652.704415318382; 284.9097639515226; 266.8024074483386; 188.27290291255707; 221.8091895010246; 163.90643396117758; 223.83339498217762; 563.4780405195612; 158.92131643073532; 106.52972521582805; 80.71047128529702
533.634355153414; 470.0627039626679; 422.098985023605; 340.7040197342035; 293.8943300580186; 168.72296995812113; 211.14459187848462; 176.02315613572134; 227.69934285664874; 341.07696756748425; 188.5907782318401; 96.03925637847135; 86.364649975449
695.7740743229803; 302.5739669073217; 295.36913611777527; 378.9188997715979; 310.9892792712453; 151.1875644697554; 206.89721810494; 191.89548180042794; 234.55175193550008; 220.54083047305127; 209.54950401910796; 86.54865852761336; 94.38080217218197
860.4595429187826; 206.81648607033097; 222.4174502570763; 401.3424196716573; 320.9409224141933; 137.6879911171033; 199.92295397970364; 204.76585024000238; 238.19445266950027; 150.21894872020076; 219.83655591621937; 79.94388958386028; 97.3449460760145
1026.4661769878246; 154.75803589484846; 180.27435440828177; 422.26942078377795; 328.52221760812745; 128.85219287360263; 193.65006086912788; 217.5140552326094; 243.17495533171487; 111.29698598705875; 228.42292378190456; 73.7934641204061; 104.51788818172685
1193.242693252299; 125.2518349214235; 156.66707760916887; 435.11512283780564; 337.62259702221974; 120.8397824958948; 190.95247666247596; 221.95742462288365; 243.86320160238202; 90.69491299601653; 237.94512948663606; 70.04627888919278; 105.39475107333256
1360.5059950253803; 116.68762137446899; 152.17793032401207; 436.384000001509; 335.53918199209; 119.0348031373822; 191.50630276008891; 226.94565936021854; 246.5548271487661; 85.87157570444235; 237.08814727037475; 69.47601168565298; 108.19278275856911
