ell; low_auto_ch0; low_auto_ch1; high_horizontal_auto_ch0; high_horizontal_auto_ch1; high_vertical_auto_ch0; high_vertical_auto_ch1; high_diagonal_auto_ch0; high_diagonal_auto_ch1; low_cross_ch0_ch1; high_horizontal_cross_ch0_ch1; high_vertical_cross_ch0_ch1; high_diagonal_cross_ch0_ch1
0.0; 3100.0030904129726; 6997.912738750541; 175.5277739624166; 230.1714906684775; 178.05738331587193; 275.8140259126858; 148.74392108480671; 219.84446605447096; 2817.2784361889762; 98.73230510652229; 102.07139465957611; 73.90360521997106
168.75; 1774.4487662178037; 1379.3342120743844; 234.0316539926835; 290.37076702703126; 171.26402986929608; 213.2146287474292; 152.04566661464725; 219.28505880506955; 1301.7763903923899; 130.14689586829041; 96.69987639108335; 75.10301984157745
337.5; 911.2419869249651; 766.6438575434371; 304.63216526404756; 311.11918404142466; 158.82212800747402; 209.5693393417037; 158.68326491925097; 221.54476224751917; 677.0729179637855; 171.2078338572073; 91.45860926506045; 77.92915055443397
506.25000000000006; 529.5357533245751; 465.2019106498926; 357.5590729546137; 306.9025916190367; 149.75333521716277; 204.4030744199096; 171.2770784523475; 228.04413273972318; 383.2850678466727; 196.76628848653277; 85.60407398639089; 84.29450597086583
675.0; 328.27099410635657; 313.7195445285268; 391.0635247914535; 329.7031776107067; 138.63345783630265; 201.0740494189995; 184.0989745528266; 232.9191720257963; 237.42333406134705; 215.02694696402577; 80.75088466679267; 88.97886099657724
843.7500000000001; 222.27506059568614; 233.84076766332836; 413.89016226888054; 334.22886234620256; 129.32456691797069; 195.4609482820483; 197.20376019621338; 236.1545896772003; 160.6863073821319; 225.7330372899647; 75.49017527354133; 94.7117364775002
1012.5000000000001; 164.29518690866647; 191.3680113177616; 431.17029369752146; 346.1468649369391; 121.4495589363933; 191.82178268514534; 208.58456396244551; 240.10708003069848; 118.6792524645202; 234.37378456561376; 71.22931877905245; 101.23470089692151
1181.25; 134.52481049467823; 191.2880587945173; 445.3989231879308; 428.484280044147; 117.7534264228127; 190.27771862072956; 215.7236509101997; 247.3728546399344; 98.21973072256773; 241.74929648293696; 68.95100573816667; 104.52110801570069
1350.0; 125.14525544991675; 164.55498479749537; 445.378178399018; 366.5339181916336; 114.60413132803947; 190.12021472949527; 216.80198661127943; 245.15587684759586; 91.86347163470687; 239.81132734480985; 66.83077750677424; 104.91907672156495
168.75; 1795.950918953223; 1359.6409519203391; 169.2231786972098; 215.953741913794; 235.1161477556184; 293.9629496937879; 150.30430033305515; 220.27789796769784; 1295.927350373579; 96.08594426007214; 131.74042249418252; 74.21578458834027
238.64853865045978; 1313.358865598036; 1050.171497413671; 216.0153351912572; 235.44470375829715; 216.5570712352593; 234.29676628774934; 154.0412299509722; 220.693862118449; 964.0764223314432; 121.43771704930431; 122.16864508657306; 75.63841645588721
377.3364712030895; 776.3576607753598; 660.0209584366656; 286.0702852413777; 267.12420219188374; 188.4547967523428; 221.63630084686068; 163.74460555196566; 223.3707990490879; 572.4985854434979; 159.82582520945473; 105.59259237855454; 80.02549097156859
533.634355153414; 476.1403902578245; 424.9596779853921; 344.1781998409643; 291.56647391796065; 168.15670021221402; 214.62016960445155; 177.37122503990844; 227.93851389204778; 345.362921585189; 188.84457245735632; 96.7240432165666; 85.96925474063761
695.7740743229803; 301.7831272792743; 292.20350236942926; 374.16422888224315; 303.883134172455; 150.13524108337225; 205.21469328568182; 190.08402848460898; 234.0003912710756; 218.13425445362444; 203.51648196257844; 86.13412138556544; 92.7095503488997
860.4595429187826; 209.07142439936197; 220.99765914895076; 401.2779793772504; 317.9879597952139; 137.1006702448156; 198.5460124647169; 203.17456019452771; 239.05901747786368; 150.10036568806038; 217.19766736883048; 78.86345767257887; 97.200818192231
1026.4661769878246; 154.89530222089516; 181.22485443298692; 425.8817767811479; 330.457925935027; 127.232359639998; 194.13650078916243; 213.24195139988592; 242.58430665860965; 113.02143137113102; 231.47495302701643; 74.0564069987353; 101.87635283134402
1193.242693252299; 126.1323333048017; 158.47455916568472; 436.20796957096775; 335.9642923350942; 121.76850538393234; 190.5419667159385; 223.33270829245777; 245.42208857137823; 92.00371698012373; 236.7047121407191; 70.31413370924494; 105.85643957372267
1360.5059950253803; 116.6883282731692; 152.17793032401207; 436.37688145864126; 335.53918199209; 119.04581042226434; 191.50630276008891; 226.94512462115713; 246.5548271487661; 85.87151536279471; 237.0860998096085; 69.47770367892619; 108.18342942577486
337.5; 926.2251852172337; 766.1425467422512; 158.44734406791054; 210.15480091759125; 308.3986573607023; 326.66369613697003; 159.04205816578644; 222.05063091909892; 680.8297234588802; 90.20928245617415; 171.83797889503904; 78.09928017241386
377.3364712030895; 783.8584528653852; 657.3664315867645; 189.2537929355308; 225.8790030333054; 286.91168283332127; 265.31057226808224; 162.26762566637902; 224.398843884379; 573.7534012928738; 107.02107696186252; 159.6557529912079; 80.53308509221665
477.29707730091957; 549.7135783784631; 474.4900062656619; 248.5676997666761; 247.5424990172965; 247.86681008583864; 247.0050475660374; 176.02186915451472; 227.5636925245673; 395.3579071750636; 137.52748837859656; 137.3554782130835; 86.16998782645314
608.4367777345483; 370.637232519024; 343.4211187234475; 303.7398116756078; 273.3313948205009; 211.1895595660021; 230.35178072740376; 193.59849148856827; 233.611750525183; 266.85550646375964; 166.9582813038603; 118.3348750078654; 93.19265459967791
754.672942406179; 253.78445311148195; 255.809052223083; 341.7741159971451; 292.10559619190855; 182.95079112845758; 220.63236607777142; 208.85075753018626; 239.9544277175072; 183.55335865171517; 186.9717685281575; 103.37276331234993; 100.19914627822902
908.7465612039476; 179.66304002276115; 199.0663273345614; 373.04896431921026; 304.6771918982406; 160.56874026306176; 208.6447600361395; 225.1754934647625; 245.58794323309738; 129.80232425406737; 203.47563043831036; 91.35576612858843; 108.6292797284349
1067.268710306828; 136.53472382341366; 166.7278033601223; 392.51096912341; 313.71180926409914; 145.16339385378723; 202.0461354684061; 237.79078469271428; 250.26011634995743; 98.96392127476823; 211.95454620868895; 82.82359059895153; 113.33260735526716
1228.5185438160875; 112.41531245912248; 147.75422814443883; 404.62081044227693; 323.293418143781; 137.10730424278896; 199.70650537958707; 247.21571255671014; 253.50660344534936; 82.0830330707783; 220.11656621524529; 79.50969231758013; 116.38284024525838
1391.5481486459605; 104.86834210443321; 141.14267484062162; 406.0341499334868; 320.6232506208909; 133.8917412406598; 197.4909320026058; 251.47009102665905; 256.01133522401295; 76.45792388232519; 218.52452605066057; 77.90605068533841; 120.31509991625136
506.25000000000006; 529.9946968412846; 465.85073711985683; 148.1453086744526; 206.0015894156073; 357.87593453009765; 363.06810154811416; 169.48403905499154; 227.14265900788808; 381.7298599407421; 84.45469473381858; 196.2435696996899; 83.52740266345734
533.634355153414; 477.11749038242095; 424.1642769434686; 167.62033749433644; 215.15777335320388; 342.9758933064691; 292.2508993916637; 174.92750990740424; 230.2068223229721; 344.50413276257945; 95.86606913844008; 189.4550381462969; 86.33875489929792
608.4367777345483; 372.8163976315139; 347.18930095292; 211.3831225109309; 234.77589063558014; 302.7363013622623; 275.27339533105265; 193.37736566357623; 235.63407198978751; 270.3138601174316; 118.92899256126412; 167.82034431879634; 94.31908124886414
715.9456159513794; 276.13306468671067; 270.937771613203; 260.14736208478433; 254.7881330342281; 259.6230480275999; 254.64857441625563; 212.68738645983575; 241.11004636021272; 198.56054804772958; 144.42081220191855; 144.5587760396254; 102.8064067979525
843.75; 203.1477695196866; 217.73743881352073; 301.7353628600014; 273.7054330142767; 223.07649267595295; 237.66035415409124; 236.54325158494004; 248.23249163248983; 146.71959458406286; 165.4621708144417; 125.17482221630878; 112.71715250848887
983.9731322551446; 151.3518099547658; 177.54305363011605; 333.8418978358105; 292.38591604149747; 192.6494742774179; 223.30150629791396; 257.8135652806152; 255.77337661639075; 109.59901965037; 184.39888690785074; 108.38686516438088; 122.84169014487206
1132.0094136092687; 116.5445797476118; 151.8049724849066; 351.9529114675341; 302.830249331937; 169.0835440563049; 215.129295811005; 271.6862262552407; 262.33095919649327; 85.1637892464809; 194.2859035379694; 96.26280631239207; 129.5887552690653
1285.1617116145346; 97.99093344426127; 136.42793980148184; 364.6380647441421; 305.15935585375917; 157.54212919556284; 208.16293275037955; 284.5348408186374; 264.61547293616326; 71.54687699617601; 198.49109475981697; 89.89972144677698; 133.522015114586
1441.8006320223333; 91.91246663878427; 131.33928448627765; 369.6803748165929; 307.2898018637254; 152.36270548619677; 206.4620171147984; 285.2575238656367; 265.67010879355325; 67.1636301456898; 201.7155456281273; 86.94483831166075; 134.0695503942932
675.0; 332.2974083118873; 316.5795510889033; 137.51594237411237; 198.9818478930191; 390.68153897732725; 333.5929499149965; 184.76753004657667; 231.72441778779532; 240.37896849857336; 78.71340995529754; 212.69046450056834; 89.72717841525595
695.7740743229803; 305.11712044385786; 293.1508651199721; 150.37635013094905; 206.89786462849224; 379.4968744169883; 307.99070812861856; 189.0079936020428; 234.7567072117742; 220.21210584214384; 85.70790717219057; 207.9545461296088; 91.67094346865072
754.672942406179; 254.13742646073453; 252.77975279271539; 183.32239361203278; 222.38789843503557; 340.9063758215434; 291.10116458679295; 209.25764580367053; 240.7688217000446; 181.70989240769012; 103.64161070468367; 186.10019872491827; 101.07165053923791
843.75; 200.61690908572135; 215.42271761722213; 220.90014886777863; 237.46050586772085; 299.0831147429582; 274.2272347142553; 236.15541602479746; 248.05161647304004; 144.66152296798822; 122.78170573024792; 166.29453648590584; 111.8043006470073
954.5941546018391; 158.87680430465963; 183.6984742456016; 260.84065243977415; 256.8083027136276; 258.46463737121616; 254.86744846145896; 261.35999897526; 257.3449645123235; 115.07672082110135; 145.05950113319008; 142.36619183752464; 123.78333982608342
1080.5272150667934; 123.41170235673164; 157.0212140874648; 290.56312190340805; 270.4793258508727; 224.15083756047156; 238.94999722869903; 288.8051655651002; 264.4094146996914; 90.33649990413609; 160.84052831105214; 125.45622560457825; 135.69555443570061
1216.8735554690966; 98.71027239772569; 138.01582441112606; 307.7649246789355; 279.65364821436515; 196.482543946447; 226.89132094641357; 307.00566563331233; 270.69838346869; 72.63963243850354; 169.0290752072255; 110.76329111291031; 142.17910641433016
1360.5059950253803; 85.00295525612863; 125.28660754716341; 322.92099008754036; 284.82267930670497; 181.4113570204679; 217.6879857424987; 322.4812966168032; 276.80905843268334; 61.916746252637864; 177.33560400856732; 101.67093158698383; 149.64197811704278
1509.345884812358; 79.47198459558244; 122.28409755497675; 330.77095737321383; 289.872034810551; 174.0492164009018; 217.2569852508288; 328.390161566721; 281.0594023876011; 58.85255331346358; 182.48273683529038; 99.0521658665334; 154.89811884428926
843.7500000000001; 226.33298495468483; 236.79210224619254; 128.49469266616296; 195.56709797970856; 420.33885192371696; 342.9964601444123; 196.3169849893607; 234.7842234480468; 163.10927417819266; 74.30931084188761; 230.00748674028168; 95.14299055006356
860.4595429187826; 208.98693482873543; 223.03198625856155; 136.60989367654147; 200.66471138474492; 406.67155218351337; 321.1760599772439; 203.80282772390157; 237.56423561550122; 152.00852799579653; 78.92343708367184; 222.45050588765238; 97.42855677979452
908.7465612039476; 181.33578727648245; 202.5093473873753; 162.35318655110893; 211.6757396831691; 373.96054661915844; 307.4916453039905; 227.46490981174674; 246.32918885443462; 130.91626269165266; 92.99371569576724; 204.03462419368066; 109.04912761408491
983.9731322551446; 151.17967876755634; 177.35237648308578; 191.20411814233918; 224.46439266700017; 330.9210605711895; 289.32085096135415; 252.8684342852918; 255.5199065964021; 109.3121155721362; 107.1219055640094; 182.55846224914916; 119.41694660835472
1080.5272150667934; 123.90011497305662; 155.58729932237037; 223.91861849737302; 237.93289205784492; 290.49616005285066; 269.3297454629037; 287.48508952684244; 266.74349994335074; 90.19151545784798; 123.35423545847412; 160.70745061712836; 135.62691416436533
1193.2426932522992; 99.8404861728608; 137.26796153496164; 250.62228503520535; 253.65519998544832; 250.258770081682; 252.61651573682008; 319.06768375278534; 276.6309360521547; 72.73745287256054; 140.05296817346888; 138.42958920962172; 149.84409263660748
1317.9796328092482; 82.64298194006648; 124.32249642913642; 270.96657410764124; 260.40412541721406; 221.8141504411882; 239.85069587880454; 344.0564388078626; 284.6836974829378; 61.013375595533766; 149.15654992013353; 124.90946118253895; 160.432994971033
1451.6423888134432; 72.57407329480395; 117.14067376955524; 285.0140585569402; 270.7769512005945; 201.02389336092273; 231.31421071959275; 359.09695008188083; 290.84266587709266; 54.33233907921426; 158.74123462498184; 113.13507801334569; 167.2714071569724
1591.984316034552; 69.44917984076656; 112.5416504757752; 287.9529566915448; 269.7262931455997; 196.21674426738198; 225.9046420472125; 365.30285577093395; 289.2475966174872; 51.19796079670762; 158.88513520230748; 109.38699612213647; 168.0016534623888
1012.5000000000001; 164.06359509803968; 191.9940156280775; 120.48685601752318; 190.7086845945279; 432.18725397689553; 351.26413760888244; 205.84528960804676; 239.76680710197422; 119.57910840858368; 70.00934857019556; 235.08753239804093; 98.59831982626181
1026.4661769878246; 155.6029856665231; 179.4632836687362; 127.60105638685724; 192.68145783808234; 425.0077298212279; 331.7393758830137; 215.69106493475707; 243.02883212812492; 112.20623564517861; 72.82880767386233; 231.6909610048186; 102.79836604692976
1067.268710306828; 137.5129440618597; 167.96014149955187; 145.80523218305075; 204.19045085017652; 394.4782527322305; 317.60527515552724; 237.15582681212123; 251.61643114692865; 100.10488891881587; 83.53164957649533; 216.35467498695343; 113.16843463159601
1132.0094136092687; 116.87295997220437; 149.39745808510554; 172.1331452317441; 215.86238856945556; 353.8592877397785; 296.81945826777377; 273.9660039898328; 262.48467350700315; 84.08430830305493; 97.92943037141407; 192.47589542982192; 129.0947100148681
1216.8735554690966; 98.74358195857528; 136.88242654105903; 196.8105196890268; 227.32441537352872; 312.15956711147646; 281.07838365282805; 307.8255238652845; 275.17943381962823; 71.79201593765445; 110.80420278326011; 171.7907924283164; 145.5450258121969
1317.9796328092482; 83.0546551974987; 123.54554086225926; 221.64776904745545; 236.4726639156658; 272.75679344346497; 262.6891551044624; 345.5836002006323; 282.763050201621; 61.337126081228355; 122.99663838991628; 151.51845447769085; 159.78501853882312
1431.8912319027588; 70.44241194189169; 114.1794395243422; 237.9364249418413; 248.75448551781227; 239.39708744309473; 247.6479281359905; 370.8042841578302; 296.5419489680397; 52.259519303820525; 133.0642716078294; 133.66380220726046; 173.4932344373335
1555.7981271681747; 63.5013462296116; 108.4062217019612; 253.38698212917973; 254.5396780201523; 219.26681680253222; 240.98965297962312; 388.9267408056154; 298.9892411956764; 47.391963913123654; 141.2231471848034; 124.38966077834645; 180.0566477987271
1687.5; 60.32556015222996; 107.26637493403263; 254.94093008585463; 255.1702879953982; 212.1653808802343; 235.91259138379166; 394.4263232076937; 300.8557299203944; 45.22752622737367; 141.75982902545314; 118.79656840777155; 181.85485972226527
1181.25; 133.77571348303587; 168.69454485277987; 115.76134159930854; 187.74445977300704; 437.9310586093352; 352.16902073223605; 213.34856528528724; 243.29427993093626; 97.82521930849789; 66.92361938541573; 239.75430429192238; 102.25726118690784
1193.242693252299; 127.12666767790176; 158.6163942560059; 121.94058162500535; 191.81491261272126; 434.95240447184807; 336.3848061986242; 223.97585817259852; 246.80796975775655; 93.03845002675426; 71.00238069205753; 237.46069582006675; 106.9198861825109
1228.5185438160875; 112.89280056660294; 149.0220975802813; 137.25418464748273; 198.3296879618433; 406.4688539762206; 326.9768225518624; 247.9268051137765; 254.5594194890499; 82.29037914594383; 78.40414067959874; 223.28336631665732; 117.77893192280193
1285.1617116145346; 97.18152804013745; 137.1988056783162; 156.0809569630463; 210.5313256599362; 364.9136898124629; 307.77943258146144; 282.7329976596491; 265.09437048863253; 71.42072547427841; 89.93542676738191; 200.47825700794337; 133.93496778848262
1360.5059950253803; 83.90391487095428; 125.51059757524055; 182.02472192733313; 220.81239365095945; 321.49160537130865; 287.6415565456769; 320.2034265734064; 277.9093096315293; 61.47443681651824; 102.8403000499595; 176.60391252397892; 148.97596722747485
1451.6423888134432; 72.22761284097093; 116.85731635989104; 201.3342699524642; 228.4414996965761; 281.7746579811945; 268.3565412157544; 357.03505893351615; 290.6005467786476; 54.06089551465771; 113.55979873349588; 156.5456223715009; 165.9259070787079
1555.7981271681747; 62.582170916596965; 108.03256099322236; 219.40868789809537; 240.06023557021481; 250.82026122597878; 254.10546921656461; 389.88700638158485; 301.32866630313384; 46.10322566589531; 123.01158296436225; 139.42750467867984; 179.27950345717196
1670.5397705532184; 57.42862480425211; 103.787935254486; 229.66033420333497; 243.4006054512034; 231.65390052055375; 246.55347225946502; 408.8646200962447; 307.57966577492226; 42.6003067856535; 127.9306474578833; 130.16347706240418; 188.90139563291143
1793.8371058989721; 55.26556234487341; 102.59966305412696; 236.57348415846613; 246.782396694965; 224.39159207860652; 242.63836048258284; 417.0689097988309; 309.4744241593711; 41.55579836029735; 131.14567166108904; 125.26505013440627; 192.08179786191496
1350.0; 125.53879756730282; 162.69041272183486; 114.44818717764223; 190.20829680068883; 446.3976309752598; 350.0801163764642; 217.27043064674194; 243.83627424098668; 91.5623224747067; 66.63031720903885; 240.45171071747976; 103.25287607405252
1360.5059950253803; 116.9435062271722; 151.57023356415434; 119.8938350565469; 190.72038572168975; 438.4751114925789; 336.78202107943576; 225.74283007025372; 248.63733714986; 85.59285009472676; 69.19561834111839; 237.97195859909542; 108.62771600469128
1391.5481486459605; 104.88900590187613; 142.0360429745318; 134.78206532139095; 197.7492642340686; 409.46233603009097; 326.51704903196827; 251.20943779628712; 256.0169983455329; 76.7703429823279; 77.44587220818815; 224.85022281306937; 119.04837941648731
1441.8006320223333; 92.73511222109941; 133.02155484346198; 153.17387487849433; 206.20804805299713; 368.9477116077881; 309.8632793725603; 286.09938848937793; 267.3070633162258; 68.45469770301106; 87.06610343756886; 203.20405645482901; 134.6351925628449
1509.345884812358; 80.34770561474109; 125.05563136309647; 176.48995528931604; 218.87412317084093; 329.8165423942205; 294.65681984156055; 327.67275408548477; 282.79804083571315; 59.58537808117441; 100.04873087161006; 182.5182859371223; 153.3921565579021
1591.984316034552; 69.49558738190743; 115.13131055613344; 195.85689358580495; 227.9765161112686; 290.64635662140745; 274.61268584993405; 365.2732353753706; 292.6263742020131; 51.99705225030817; 111.03194368455901; 161.28536519265148; 167.73135613713453
1687.5; 61.016608844043844; 107.69027066684787; 212.9971889865435; 235.59488367546265; 256.05262154731173; 257.05200205035453; 392.17007464976723; 301.2267461931086; 45.6769392387969; 118.87775215083626; 141.1132695312943; 180.12104247775855
1793.8371058989721; 55.088848699551434; 101.77270345644752; 225.22557518956017; 241.02946293100305; 231.18440171633455; 246.69459373524217; 412.99466980179795; 309.23489101978413; 41.300071045443936; 124.94061473215382; 129.25580430245475; 190.12417310182727
1909.1883092036783; 53.18081516714501; 99.90616143250017; 228.1151325495995; 242.21906029096132; 228.22036007448907; 242.48484406996593; 425.883634697828; 314.4528153011796; 39.50799839741264; 127.07259803059837; 125.86634163463741; 196.60777979242442
1181.25; 133.77571348303587; 168.69454485277987; 115.76134159930854; 187.74445977300704; 437.9310586093352; 352.16902073223605; 213.34856528528724; 243.29427993093626; 97.82521930849789; 66.92361938541573; 239.75430429192238; 102.25726118690784
1193.242693252299; 127.7775801861982; 158.50048997380046; 121.41665436881934; 191.75153067672684; 430.7138390537302; 336.2305216293105; 221.69095949652868; 245.73873632549913; 93.01319757759083; 70.50750986234594; 235.6223862361125; 106.53125796345525
1228.5185438160875; 113.06796809968519; 148.7170289226929; 136.82417974485193; 198.33090611338764; 406.06902162749356; 323.19435620323134; 247.37112951984832; 253.7429193435883; 83.04010389218516; 78.44809732399622; 222.36410368858282; 117.38489319786486
1285.1617116145346; 98.26422447582486; 136.73983282666123; 158.3813598660947; 209.85123468140026; 364.24915718577586; 303.8094954925725; 278.6997151003912; 263.8610634805721; 71.65632665066855; 90.12970440041664; 197.18855215894425; 130.59205232017388
1360.5059950253803; 85.00758059183913; 126.88543985725964; 181.90908535567206; 220.88465168377044; 324.8526322129043; 288.2849137832074; 321.9251774919137; 280.64556999452816; 62.77204064708723; 103.10466569865405; 179.31281014025146; 151.21151106370888
1451.6423888134432; 72.4511183543737; 116.12499774293465; 202.1784782826026; 230.3002396442912; 281.4193951468986; 269.2468499709585; 360.2751516496271; 292.05939560746623; 53.779015836414935; 113.94563281954086; 157.29246368851915; 168.21098739475912
1555.7981271681747; 63.533574085941325; 109.1898836332477; 220.42163177328558; 238.9689931597898; 252.7113995452555; 254.77611369562726; 388.6463558951275; 301.1885465784627; 47.43007223078304; 123.20106214544586; 141.47898947198016; 179.91618949076633
1670.5397705532184; 57.22867596573971; 104.69228049850156; 230.87358759839083; 242.80878134709297; 230.18079013707646; 244.849769540981; 408.9518266803419; 309.35733306577754; 43.07326508314782; 128.4080966824345; 129.59932280230697; 190.08887800700128
1793.8371058989721; 55.26556234487341; 102.59966305412696; 236.57348415846613; 246.782396694965; 224.39159207860652; 242.63836048258284; 417.0689097988309; 309.4744241593711; 41.55579836029735; 131.14567166108904; 125.26505013440627; 192.08179786191496
1012.5000000000001; 164.06359509803968; 191.9940156280775; 120.48685601752318; 190.7086845945279; 432.18725397689553; 351.26413760888244; 205.84528960804676; 239.76680710197422; 119.57910840858368; 70.00934857019556; 235.08753239804093; 98.59831982626181
1026.4661769878246; 155.30652701692534; 178.627312911021; 127.52945106496287; 194.47578802731593; 423.58980183520094; 329.40930069497176; 214.74712416854942; 243.33265257591478; 111.82636930788584; 73.74952068713209; 230.1659214451818; 102.14816267852372
1067.268710306828; 136.86120086470993; 166.42259115106003; 145.99131577888875; 203.42288293141098; 394.6944337966319; 318.38547180368846; 237.67680770585685; 250.68942984368908; 99.58676480540032; 84.1610219814195; 217.03668950836902; 112.74715748292755
1132.0094136092687; 117.82925667854077; 151.88303223800912; 171.36675923667104; 216.38351950871228; 355.97226881966265; 300.7729933293698; 272.04867946359104; 262.367494455616; 86.39198651933789; 97.63085640113701; 195.44411950403193; 128.63251392856563
1216.8735554690966; 98.832215232108; 136.56124252099616; 196.8565274070724; 227.01928499465004; 308.89312106127005; 279.1851455498011; 308.4972547016527; 271.8408506667084; 72.0786442952668; 110.73225019553354; 169.96187672460536; 143.89503580243255
1317.9796328092482; 81.82369220871337; 124.66545980882755; 219.00938443411454; 238.1917245106328; 272.184239371446; 262.53452084170834; 339.5835270858795; 286.3108171540744; 60.616281974201435; 122.83238607599593; 150.80258773354893; 159.0808535121298
1431.8912319027588; 70.62043960486146; 113.31778153075815; 241.00133916092145; 246.51525801305988; 237.6004020562054; 245.6122199120309; 372.3966365109645; 294.1250360337226; 51.82319252336361; 133.9348703051563; 132.17050018447927; 172.46492061570248
1555.7981271681747; 63.07357030095904; 108.97909171276599; 252.4794661542496; 254.66735102295777; 218.95166267332402; 239.1936260909779; 388.73483873532984; 300.2467079939082; 46.98202122441205; 139.62166852983822; 122.9994197676043; 179.0459249079557
1687.5; 60.32556015222996; 107.26637493403263; 254.94093008585463; 255.1702879953982; 212.1653808802343; 235.91259138379166; 394.4263232076937; 300.8557299203944; 45.22752622737367; 141.75982902545314; 118.79656840777155; 181.85485972226527
843.7500000000001; 226.33298495468483; 236.79210224619254; 128.49469266616296; 195.56709797970856; 420.33885192371696; 342.9964601444123; 196.3169849893607; 234.7842234480468; 163.10927417819266; 74.30931084188761; 230.00748674028168; 95.14299055006356
860.4595429187826; 210.35239735729348; 222.6330317052264; 137.58837257282866; 201.3512013083556; 406.125780088607; 321.3164449457859; 205.43395001738608; 240.79883488244963; 152.0860392003613; 79.63420983677244; 220.90404023892373; 100.03391971870438
908.7465612039476; 183.41564400614246; 202.15886469956368; 161.6337037368333; 210.63932200670013; 377.3108054775501; 307.0008787777998; 225.06541380999008; 244.69275686140898; 133.05129885421186; 91.85347872589168; 205.60276154997058; 107.66698759244993
983.9731322551446; 150.25754293986407; 176.43967710506186; 193.21708473427512; 224.35298511443327; 328.1622916762151; 288.1636503188697; 255.1639088392468; 256.028447394151; 108.53596842885594; 109.20039621303563; 180.06973405910662; 121.79071477076404
1080.5272150667934; 122.81402486740683; 154.5511455866026; 222.22335429441551; 239.3876221925175; 290.23935508381885; 268.3618422554192; 289.2344667099938; 267.3382209311816; 89.4087126102676; 124.46642205080894; 160.17585790071578; 136.9152946555057
1193.2426932522992; 99.51703828358328; 138.03067313522985; 251.41044990203625; 255.73412776988792; 248.62650324828283; 251.99600561030806; 317.65552920014295; 275.13221718608435; 73.08762829086403; 141.63716967114468; 139.45852581871313; 147.46809206224657
1317.9796328092482; 83.18318617416594; 123.81499307595782; 270.97913291175576; 261.0712248120286; 221.267043412976; 238.93196608579672; 343.4848995743731; 284.5549641061831; 60.66759422285387; 149.68727080413194; 124.48970744429529; 160.05750049932126
1451.6423888134432; 72.14156997559886; 115.4699745519214; 280.14010286319456; 269.3371512814067; 198.58766104132016; 229.33717210807265; 356.22663776334116; 290.37690620128507; 53.34735292778581; 155.75370320245452; 111.50963103578545; 166.2554422186443
1591.984316034552; 69.44917984076656; 112.5416504757752; 287.9529566915448; 269.7262931455997; 196.21674426738198; 225.9046420472125; 365.30285577093395; 289.2475966174872; 51.19796079670762; 158.88513520230748; 109.38699612213647; 168.0016534623888
675.0; 332.2974083118873; 316.5795510889033; 137.51594237411237; 198.9818478930191; 390.68153897732725; 333.5929499149965; 184.76753004657667; 231.72441778779532; 240.37896849857336; 78.71340995529754; 212.69046450056834; 89.72717841525595
695.7740743229803; 304.348435413466; 295.16956261977487; 151.16383349650397; 206.4775890070128; 377.9312107016388; 309.5728315522277; 190.06797736948613; 232.8035839773093; 220.96461197857383; 85.82377510471616; 207.8762237482822; 93.04843771741699
754.672942406179; 255.29305633614388; 256.87361008769795; 181.71192133215203; 221.93886408506208; 344.7684574058574; 292.3003539281544; 210.55016081089664; 239.3924419009671; 185.119639374064; 104.01927630161808; 189.5947261702258; 101.13457793379072
843.75; 206.1899896903208; 217.54779034566238; 222.201384845116; 238.46945746207916; 302.7076659049908; 273.4417561598236; 234.34449284290622; 248.5798924740163; 148.25426383240426; 124.38987449502737; 166.20023269653322; 111.21884123621076
954.5941546018391; 158.6416613620078; 182.55001319943892; 259.1698616418066; 253.64544284990893; 259.8575161330691; 253.61035666905377; 261.19118077454533; 257.10101556187846; 113.8506287067993; 142.4731838930485; 143.29255557360793; 123.89776062704082
1080.5272150667934; 123.4877103982339; 155.10003457427896; 291.4591756322327; 271.1497355843174; 222.75918656597136; 235.63535158794542; 288.51070095257506; 268.4203583502019; 89.77403740820424; 161.50990123491474; 123.93338866916899; 137.21594649914516
1216.8735554690966; 99.25036618933872; 137.64177617956787; 311.53474429777003; 279.7975336948654; 196.21094653594866; 225.80396088234698; 308.06198368859935; 273.5657820911112; 72.39127968208568; 170.49436895973605; 109.83875418136415; 142.51534122317872
1360.5059950253803; 84.33439918837983; 125.23994074737655; 324.0825182099379; 287.19267549343357; 182.2555220397417; 220.23756192849686; 320.82720327033104; 278.1573808828908; 62.06031498606463; 179.00808582597728; 103.08112695403307; 150.09225231652806
1509.345884812358; 79.47198459558244; 122.28409755497675; 330.77095737321383; 289.872034810551; 174.0492164009018; 217.2569852508288; 328.390161566721; 281.0594023876011; 58.85255331346358; 182.48273683529038; 99.0521658665334; 154.89811884428926
506.25000000000006; 529.9946968412846; 465.85073711985683; 148.1453086744526; 206.0015894156073; 357.87593453009765; 363.06810154811416; 169.48403905499154; 227.14265900788808; 381.7298599407421; 84.45469473381858; 196.2435696996899; 83.52740266345734
533.634355153414; 471.29252257984604; 419.72533416108337; 168.97940444282605; 215.58044402570494; 341.0506513211753; 289.3838326650871; 175.4775200775234; 229.02806448975338; 339.33124299705037; 95.99227694788397; 187.2181354029456; 86.17832227544353
608.4367777345483; 368.22460782906313; 344.69926952786005; 212.08916603265476; 236.0419225753409; 299.5492671403043; 270.9104630227282; 192.34474410318194; 232.94814078294033; 266.72858618582677; 120.72509590250137; 164.87563193970905; 93.26438716228462
715.9456159513794; 274.4249573945806; 272.60255088548087; 259.1784581667626; 258.16461379284084; 258.01313653356203; 252.58676648985627; 214.17484775489189; 242.17393709569566; 198.32693690595056; 145.5141683197554; 143.03616548536903; 103.39075493599377
843.75; 202.24274181677526; 215.10593394206862; 302.42658256084354; 271.1789665606124; 222.5632329428628; 238.1934570672387; 234.9388995422948; 247.54023680376227; 145.17791702603952; 163.94283477246196; 124.56039898890727; 111.6378601533243
983.9731322551446; 151.87120332698592; 177.7662210377768; 333.48300897772225; 290.29638123644787; 193.405062746294; 226.64103231431318; 256.7264345724979; 256.18038200585084; 109.93986833948796; 182.9132727146039; 110.16762341662877; 122.41530394466012
1132.0094136092687; 117.21747990597204; 152.37082973080194; 355.2301882178309; 301.3343840877091; 170.42437674543305; 215.57946694348368; 272.6997825500778; 262.3530548007866; 85.24616417912219; 194.25845173108038; 97.06618352144116; 128.37297626236727
1285.1617116145346; 97.91332343165207; 137.01237229296711; 366.970924349084; 306.4610911461093; 158.86973038588243; 207.16764569827038; 283.24272344233935; 264.16289624453634; 71.81847026151853; 201.13476164424335; 90.72714598937452; 133.5266437731209
1441.8006320223333; 91.91246663878427; 131.33928448627765; 369.6803748165929; 307.2898018637254; 152.36270548619677; 206.4620171147984; 285.2575238656367; 265.67010879355325; 67.1636301456898; 201.7155456281273; 86.94483831166075; 134.0695503942932
337.5; 926.2251852172337; 766.1425467422512; 158.44734406791054; 210.15480091759125; 308.3986573607023; 326.66369613697003; 159.04205816578644; 222.05063091909892; 680.8297234588802; 90.20928245617415; 171.83797889503904; 78.09928017241386
377.3364712030895; 774.5127510153544; 659.5939234473284; 187.60301753492507; 223.24170927683744; 284.0095055356469; 261.34288243280525; 163.8704678489903; 225.27239809303535; 571.4392295078255; 106.03466593984612; 157.3003683572352; 81.16916265340495
477.29707730091957; 546.8652683020149; 477.19013091263326; 245.71579352515772; 250.2872119647614; 247.07349652891918; 247.01407127988503; 176.85339556356374; 229.2397516325956; 394.74077436672775; 138.04592346725462; 138.44315927304987; 86.27542533559559
608.4367777345483; 368.7569464392874; 345.6072232069028; 302.775925106285; 272.3716158257065; 210.99403931585925; 230.10698036501915; 191.19281949474956; 232.89516992254468; 267.42776137766026; 166.20915017003406; 117.059212461864; 91.8889923086031
754.672942406179; 251.9626729833207; 253.3305681411428; 344.376291583903; 291.98911965952857; 183.1288211059642; 220.5613559891707; 210.4996389527878; 239.93532592622955; 181.16701832530038; 188.65669567587207; 104.49245126799364; 100.630777260834
908.7465612039476; 180.54134951174666; 199.3036851188603; 376.14808170781316; 306.1887263596201; 161.96902416891095; 210.54236938669246; 225.56656814082643; 244.08049481711416; 129.64947591173774; 205.08264660577768; 92.56456797657756; 107.27311296966501
1067.268710306828; 136.3456047252948; 165.7377825464664; 394.9536122797558; 315.1199927951785; 146.50828290051754; 202.61399220249066; 239.57070921721575; 248.24929291527525; 98.84150589627698; 213.57179569507957; 83.58253869888655; 112.85910864542893
1228.5185438160875; 112.10559937504203; 147.71950653592882; 406.74035101673127; 323.41758952689435; 135.4614805004321; 198.71546400181842; 247.98813233846997; 254.03632253250822; 81.61528948953134; 221.95690063763436; 78.53355558289485; 118.78519818589061
1391.5481486459605; 104.86834210443321; 141.14267484062162; 406.0341499334868; 320.6232506208909; 133.8917412406598; 197.4909320026058; 251.47009102665905; 256.01133522401295; 76.45792388232519; 218.52452605066057; 77.90605068533841; 120.31509991625136
168.75; 1795.950918953223; 1359.6409519203391; 169.2231786972098; 215.953741913794; 235.1161477556184; 293.9629496937879; 150.30430033305515; 220.27789796769784; 1295.927350373579; 96.08594426007214; 131.74042249418252; 74.21578458834027
238.64853865045978; 1305.1251714965574; 1049.791540023358; 215.42326838452223; 236.21731196950174; 216.56088783268316; 235.07982108510004; 153.38816764999606; 221.9925142979094; 961.1536733395213; 121.67932522806585; 121.87024168711037; 76.40373446108346
377.3364712030895; 766.099103174025; 652.704415318382; 284.9072510122374; 266.8024074483386; 188.26896178762652; 221.8091895010246; 163.91859251787548; 223.83339498217762; 563.4779356009207; 158.91860471199638; 106.5270722491072; 80.71768589648282
533.634355153414; 470.0626274515859; 422.098985023605; 340.69804103500957; 293.8943300580186; 168.7213006903913; 211.14459187848462; 176.04061392262605; 227.69934285664874; 341.07664320259926; 188.59003708380055; 96.03677847897686; 86.36199005938064
695.7740743229803; 302.5741895542511; 295.36913611777527; 378.91431939642644; 310.9892792712453; 151.191672136431; 206.89721810494; 191.90088622720103; 234.55175193550008; 220.54104487780583; 209.54799658710945; 86.54960610827926; 94.38037413324838
860.4595429187826; 206.81647197446995; 222.4174502570763; 401.3384650088222; 320.9409224141933; 137.69723367932943; 199.92295397970364; 204.76612874227177; 238.19445266950027; 150.21896144762206; 219.83486325798916; 79.94562103431198; 97.33941446597963
1026.4661769878246; 154.75783125813928; 180.27435440828177; 422.26210018836434; 328.52221760812745; 128.8616242388459; 193.65006086912788; 217.50864126827997; 243.17495533171487; 111.29696119663447; 228.42070655237552; 73.79794256417553; 104.51498954441205
1193.242693252299; 125.25195615180361; 156.66707760916887; 435.1124136485803; 337.62259702221974; 120.84739814645066; 190.95247666247596; 221.9580171518185; 243.86320160238202; 90.69493060295144; 237.94486408035365; 70.04633484745575; 105.39332812466334
1360.5059950253803; 116.6883282731692; 152.17793032401207; 436.37688145864126; 335.53918199209; 119.04581042226434; 191.50630276008891; 226.94512462115713; 246.5548271487661; 85.87151536279471; 237.0860998096085; 69.47770367892619; 108.18342942577486
