ell; low_auto_ch0; high_horizontal_auto_ch0; high_vertical_auto_ch0; high_diagonal_auto_ch0
0.0; 206896.06709638462; 1349.6825735406512; 1339.5620019998496; 38.177028946237975
675.0; 44119.9264784059; 3187.337375129095; 831.3826764491231; 47.29829589007436
1350.0; 16021.808468585303; 4347.7715334477625; 540.1070540688344; 64.50904250943265
2025.0000000000002; 7454.680673835538; 4464.2993459948975; 402.0267776811598; 85.53044237482706
2700.0; 3967.910047731634; 4154.291265308477; 324.8102015100311; 109.92003743349053
3375.0000000000005; 2313.76810293396; 3679.0184340696715; 275.4872572112235; 138.01534068736385
4050.0000000000005; 1444.4377122312524; 3217.798206202719; 241.08616152291194; 170.0262433050334
4725.0; 956.6126561689734; 2820.819195869334; 215.7753233105846; 206.07953134554398
5400.0; 670.701605470293; 2500.300151642221; 194.82488541475826; 245.29488698021197
6075.0; 493.2804201312913; 2243.6746458988828; 176.25456821219353; 286.35073707596536
6750.000000000001; 379.9744309891556; 2052.0163594074183; 159.5082795995165; 327.8013198639322
7425.0; 305.418473747971; 1905.7659075371157; 146.38388122316468; 374.66204998123203
8100.000000000001; 256.0430233282622; 1802.7148413655955; 135.0956657797523; 422.1186915704585
8775.0; 223.54315344291197; 1734.67322830359; 126.22136242820207; 470.96559166077975
9450.0; 203.0430960896161; 1694.6614326769827; 123.24373550048158; 541.7089323171739
10125.0; 191.7723060723173; 1677.9682952790445; 129.4419555262642; 646.5271691938246
10800.0; 187.93065876583668; 1673.1508663852596; 134.03796660322598; 692.7583412420639
675.0; 44486.75247071403; 838.0309884909269; 3187.7300546053925; 47.34515925063124
954.5941546018391; 25744.997363196944; 2280.6106685499963; 2264.4764967073397; 71.0139366162403
1509.345884812358; 11970.615848150881; 3644.422442100369; 1306.9288969343268; 105.53873523294423
2134.537420613656; 6040.6480089445695; 4028.796232135684; 810.7058381727647; 132.89060988954526
2783.096297291921; 3307.6168434838128; 3870.847640383106; 555.8973813945936; 157.14923149112937
3441.8381716751305; 1930.6330254401437; 3474.4004634626353; 412.85808656565285; 181.52023226757538
4105.864707951298; 1198.492209456615; 3096.570984814215; 327.9592237916391; 210.49820982369974
4772.970773009196; 783.2700198754424; 2741.522270181338; 273.2395915830829; 243.41076648613526
5442.023980101521; 535.1954094564214; 2438.2143537703273; 234.26043429149314; 279.52643193817505
6112.384968242756; 383.08481345748095; 2196.503108523154; 204.69073477539695; 319.32941043251424
6783.666044256602; 287.42515238939916; 2017.271483222029; 181.7302189781534; 361.75559556137836
7455.618686601401; 224.0510642363417; 1876.581856389336; 163.13523630543958; 406.29641282810775
8128.0763406848; 182.7872474059026; 1778.9569386203807; 148.7987795526407; 457.41761357932353
8800.923247023577; 155.53283053369222; 1712.4817695467973; 140.5230161653039; 537.0394769002639
9474.076472142286; 138.34572076507405; 1677.3359724104046; 135.72152534593636; 601.9726609339563
10147.475055401714; 128.94927495872565; 1661.9001967095503; 127.19539498853588; 614.1328390577012
10821.073190769943; 125.88394552267445; 1649.8524996279561; 122.70185845589744; 608.0558129013533
1350.0; 16129.939405383988; 543.9298099089035; 4339.431531292221; 64.55884251439821
1509.345884812358; 12025.419565967513; 1320.156394785146; 3633.603286563535; 105.56493839261836
1909.1883092036783; 7323.596165535036; 2479.417558426833; 2461.5722521058265; 178.15557507748667
2433.747110938193; 4281.798822875011; 3106.8488564263703; 1587.241850996121; 233.59345958623953
3018.691769624716; 2523.1885340909093; 3202.2617818850067; 1046.0548167312988; 267.2567728023272
3634.9862448157905; 1535.7653723981607; 3020.88222100629; 725.8018575848773; 291.94375070730536
4269.074841227312; 966.7142743035893; 2762.5290070642905; 530.7104332114219; 315.859664753887
4914.07417526435; 636.2132917115053; 2509.5538013027385; 409.3832171369603; 344.01919624898153
5566.192594583842; 432.18301541953656; 2264.3628619575616; 327.89717942226235; 375.4406964346941
6223.192508672699; 306.83687493138024; 2072.075419054246; 273.13913340187; 412.8516596058172
6883.676343350261; 225.2489425163264; 1916.0696900996163; 230.62998668582566; 451.78987861402715
7546.72942406179; 172.30334425716114; 1802.637660032793; 200.70067396402104; 512.2689228247912
8211.729415902597; 137.028907303798; 1712.2914053210557; 178.26548244590697; 593.1514862013697
8878.238845626985; 114.37843572086595; 1661.3837825244282; 157.62208162787297; 620.9980334550348
9545.941546018392; 99.74619542452658; 1624.1874377378222; 140.81461659355693; 621.5457765393706
10214.603516534551; 91.78441836979941; 1610.450360309355; 132.78368375559685; 623.0858001025869
10884.047960203043; 89.14881315519575; 1603.1446381198118; 130.42049250876792; 624.2098605279548
2025.0000000000002; 7533.56702379829; 404.7858181120784; 4488.703470800999; 85.28899736369905
2134.537420613656; 6078.389206979913; 820.1586650124818; 4021.0255671764835; 132.94147174889102
2433.747110938193; 4280.341537740705; 1598.3260998815056; 3079.9263479801866; 232.9488415044544
2863.7824638055176; 2829.329163826759; 2199.1274345477304; 2181.2146782789214; 325.3341507657021
3375.0; 1815.9973039648276; 2444.112079297072; 1509.244765718727; 384.433215238204
3935.8925290205784; 1171.4861143810056; 2441.4867972212296; 1058.7340350921415; 422.0992251205856
4528.037654437075; 767.6774527300746; 2333.1875023005196; 765.806061985469; 451.5818223739465
5140.6468464581385; 516.4169968181183; 2185.546362982912; 575.8263370614163; 480.9638547454737
5767.202528089333; 357.4112661359031; 2033.992420266109; 445.5983513288529; 510.99020327075
6403.612261840968; 254.1291401309147; 1888.3118655786136; 351.519973541949; 542.5869836885713
7047.206893514623; 187.4104412475699; 1779.112206419172; 283.315378166739; 603.8211953431914
7696.184119419181; 142.2576592045517; 1685.8790371568848; 232.97338797641908; 665.1793237988112
8349.288891875764; 111.92535626495442; 1616.0367707156238; 199.54446911524107; 689.8507083150758
9005.623243285276; 92.01581345953737; 1572.2824211973118; 177.58481894077525; 705.8751569324747
9664.529217711539; 79.75308942499757; 1549.301254384248; 163.3313668317975; 714.142516495217
10325.514515025388; 72.72840003715905; 1538.1951931073659; 154.381626506759; 719.8755946282724
10988.203902367302; 70.48139730996583; 1528.0697092094656; 151.76590390962895; 718.9677326863866
2700.0; 4015.2204248346197; 326.69133387048146; 4190.048648088032; 109.2403772939219
2783.096297291921; 3332.880729286477; 561.2033642266184; 3880.416314656386; 156.98200766079194
3018.691769624716; 2532.1137095692366; 1055.5547741664814; 3199.06550983597; 267.5761043704873
3375.0; 1827.3018114407266; 1526.245134401643; 2449.4249184005544; 386.8978664235589
3818.3766184073565; 1266.0790380386659; 1794.1443138963712; 1794.905874409903; 473.7935497449261
4322.108860267173; 865.3987261718476; 1889.5671098869514; 1301.3209542561306; 532.4045676436868
4867.494221876386; 597.6746314260322; 1906.405730522621; 955.2360693863739; 576.7283599891576
5442.023980101521; 414.820003530345; 1849.887607010713; 709.4130672101772; 610.7429357997066
6037.383539249432; 292.6508582401985; 1761.974345166776; 536.809198324622; 644.2882938160267
6647.979016212371; 212.35630031384198; 1683.5019450814739; 420.9465933228101; 727.0615410813042
7269.972489631581; 158.14201943780938; 1614.591953959106; 341.7606276239022; 792.293923726816
7900.672439735747; 120.48293988090282; 1549.519606246345; 283.92755003181895; 820.778156609199
8538.149682454625; 94.39599112767087; 1490.9552472371972; 241.9810691827493; 833.726192413801
9180.992593396424; 77.86145100775018; 1468.2071006399096; 214.68774849279373; 846.8020272562997
9828.1483505287; 67.05123001251182; 1451.547406669318; 194.75560883352648; 856.7755076905664
10478.817919975516; 60.87206124895606; 1439.9825187753725; 183.0399259096486; 856.1445682424243
11132.385189167684; 58.97100397536448; 1440.4322463953044; 179.38758254013527; 859.1858913567593
3375.0000000000005; 2336.936914159627; 275.1460065833677; 3691.5026470910775; 136.2667693630997
3441.8381716751305; 1958.0606863651185; 417.37964129024743; 3506.0134676591174; 181.2727049061224
3634.9862448157905; 1548.678287646996; 733.9932064997835; 3029.846482469492; 291.79894970327024
3935.8925290205784; 1183.2372204847916; 1073.5361067076226; 2448.0111253637774; 423.82944138092756
4322.108860267173; 869.2008902134103; 1301.83810694322; 1886.881732055237; 528.7906710975407
4772.970773009197; 628.2313348650181; 1438.2147363966915; 1432.8656486949822; 615.2234259036535
5271.918531236993; 451.9748732765492; 1509.3271249100087; 1085.903788906277; 687.4133311672789
5806.569555253773; 326.0780634883989; 1522.8200780612183; 832.7915914580125; 756.8858988527165
6367.937264138208; 237.30395065821654; 1496.1663456410192; 645.9813509045956; 861.9619514750678
6949.550345166225; 175.79984877814746; 1465.5223228207074; 511.73636745056587; 931.0411886192765
7546.729424061791; 132.76867464384276; 1427.4282940098171; 413.9229535391123; 965.7361334287211
8156.056032176336; 101.99353135641687; 1390.5807225014055; 342.0970142980444; 979.9506382973867
8775.0; 81.24098313145953; 1365.7522463058626; 292.2947386975655; 999.8365865721117
9401.662087099281; 66.97734920729118; 1351.992720109856; 256.40209842256945; 1015.9599744353916
10034.596404439992; 57.51823420051316; 1342.659563348211; 231.18057408129445; 1027.9957306389356
10672.68710306828; 52.29278004000235; 1335.2562409009552; 216.3289785982857; 1030.7984947865127
11315.061864612142; 50.67897203651086; 1335.2042313315394; 212.19714083471268; 1034.0562454773954
4050.0000000000005; 1461.7459175897122; 241.5984330324852; 3246.895264532882; 168.1106917956025
4105.864707951298; 1216.2460489195666; 329.9386727867224; 3119.4022653648253; 208.85195366621994
4269.074841227312; 981.0128436228632; 537.5867746689664; 2780.9103599735495; 315.0877940999677
4528.037654437075; 777.6226339896792; 776.1171359590619; 2341.6009914614083; 451.6546249050284
4867.494221876386; 598.8003742685859; 953.481198412852; 1896.8166420930977; 571.5494456749149
5271.918531236993; 453.1651150723722; 1095.2681307432329; 1504.9131996838069; 688.8253400320541
5727.564927611035; 339.6570114674366; 1189.9529597864505; 1183.4569133321525; 802.0184549417445
6223.192508672699; 253.65741361025968; 1239.4690226149053; 931.9303332609741; 952.7549803830597
6750.0; 189.92556465564766; 1257.6684738625988; 737.1983438843373; 1042.0961278474156
7301.2413328145785; 144.1766002823394; 1256.9632605805866; 591.1677994676677; 1091.6447472514294
7871.785058041157; 110.87099787804678; 1250.3898072669679; 483.83889594633564; 1129.5452765183556
8457.725758145625; 86.82136178032928; 1235.456234765643; 402.6514279377269; 1152.193991881199
9056.07530887415; 69.52015432484382; 1228.3000456286877; 342.59096582705865; 1178.151027587988
9664.529217711539; 57.6803289404283; 1220.443559536484; 299.9268065668151; 1197.6771957982755
10281.293692916277; 49.940699856019265; 1225.4534256452198; 271.22038717469496; 1216.807166816473
10904.958734447371; 45.42653513622525; 1215.677841242042; 254.71047746247208; 1222.9553654585686
11534.405056178666; 43.87962170149406; 1218.3310869887398; 247.97563948899224; 1230.8376384496569
4725.0; 966.3334812820164; 215.66034861330397; 2833.949760189378; 203.05656500885232
4772.970773009196; 790.7314668946166; 272.48140751016115; 2750.8181489504746; 240.07220675213307
4914.07417526435; 641.7432764646927; 411.99166790433816; 2511.711202150973; 341.79276096335593
5140.6468464581385; 523.2290982568156; 578.1981935358909; 2192.0086685091137; 476.32221947713987
5442.023980101521; 416.7132108356443; 708.6627313011855; 1844.9778551902464; 606.4022306726428
5806.569555253773; 327.32840107773944; 837.0082606000187; 1515.887053163505; 755.7743962517261
6223.192508672699; 253.1177110845821; 934.4621241235947; 1228.9362676261549; 948.0023541402984
6682.159082212874; 196.20160262209697; 1005.7460781556781; 999.589681108646; 1092.2287872066943
7175.348423595889; 151.60990241449738; 1046.9875605115724; 810.5114600864054; 1180.21256544238
7696.184119419181; 117.45172467779555; 1069.4245210455692; 659.7932047431659; 1232.022122914729
8239.42504062025; 92.30731759266278; 1082.157903793569; 546.7014323697528; 1282.42194006509
8800.923247023577; 73.2405251103439; 1088.6954695555253; 456.907100499168; 1322.06266601604
9377.399692878618; 59.53642360674984; 1093.7610171452654; 393.0155187787379; 1358.9517723394201
9966.255565657546; 49.806127148706416; 1094.38203863684; 344.19697453426363; 1388.8338709477862
10565.421193686507; 43.40862899685586; 1099.6650109272653; 311.42032658056337; 1411.342096832925
11173.238116141623; 39.62336136952079; 1100.6561724048634; 291.79588709095896; 1424.7686815336506
11788.368207686763; 38.307605837672746; 1098.5932027319518; 285.50465741089283; 1426.7517718844385
5400.0; 675.7789561382904; 194.02752716117277; 2508.8407112623613; 241.0604416741047
5442.023980101521; 540.0484342140841; 234.34845476992643; 2446.3047156628386; 276.0038024872198
5566.192594583842; 436.52367629280576; 329.4618752989462; 2273.0598892542853; 372.15719984670346
5767.202528089333; 361.16353383000086; 443.0380782695218; 2035.8811991751309; 502.1302466656944
6037.383539249432; 295.26203239471573; 540.0561747320967; 1764.8850931876736; 642.4445216650641
6367.937264138208; 238.80672334602107; 650.8383474594655; 1498.0558759391142; 859.0873238854231
6750.0; 190.87272459322287; 742.4775492649536; 1253.0859835507306; 1041.575806812658
7175.348423595889; 151.71070639917443; 816.3349075588823; 1040.813457615884; 1175.4665476793034
7636.753236814713; 120.40284841752654; 869.1999893658744; 862.570836515943; 1280.4417497356042
8128.076340684799; 95.21048154088626; 903.5827625441233; 716.3808883678041; 1359.446509308153
8644.217720534347; 76.27435945812054; 931.2757780371693; 599.6681349226374; 1425.2326608930096
9180.992593396424; 61.86625144878766; 953.0501825767049; 508.3872475692283; 1484.9142425846508
9734.988443752773; 50.83562186699587; 962.7848523917879; 438.57914895815327; 1531.4460506722949
10303.42782766978; 42.97972451272283; 972.5302160261859; 385.5119505454319; 1569.7646933775532
10884.047960203043; 37.58093572741717; 977.5343069528217; 349.42245218688356; 1601.7655152076368
11475.0; 34.46168844168338; 981.3343546962117; 328.57918669378796; 1621.981612601043
12074.767078498864; 33.334297160824704; 981.9990785950833; 321.24387260887323; 1629.5004088285684
6075.0; 497.3642795511639; 175.77238002197456; 2252.2549432371425; 281.26254121626636
6112.384968242756; 386.61890405452823; 204.2411547181062; 2202.3583533280557; 314.1762763684714
6223.192508672699; 309.28229095650556; 271.35340653193236; 2075.38618940238; 405.27363958046783
6403.612261840968; 256.711429295646; 346.2975477485458; 1891.5433151736356; 528.6091302505671
6647.979016212371; 214.47886947302135; 423.1684752380513; 1684.1890566737186; 717.6109677596357
6949.550345166225; 177.09479098932286; 516.6212721937245; 1463.8397401109232; 928.7328654766901
7301.2413328145785; 144.8031872748692; 597.7566276721839; 1254.1478647200613; 1093.3004254651594
7696.184119419181; 117.70638636657075; 665.2421341967757; 1065.047943087125; 1231.6920016362044
8128.076340684799; 95.31165121306579; 721.3179072343075; 899.7630069895756; 1359.9736574062672
8591.347391416552; 77.56055250693896; 766.4199326477716; 761.518765913209; 1473.0998783995253
9081.196231774755; 63.38650444533984; 801.3823423200694; 647.0584599485842; 1566.0432825728878
9593.55252239753; 52.07983094845576; 826.3419746732723; 554.2286040125925; 1633.3512485027259
10125.0; 43.34532133485998; 844.2724352906687; 480.03038536215877; 1697.0982865201079
10672.68710306828; 36.984453754430525; 857.5110499445022; 423.6756027440267; 1744.1168914332839
11234.238959537935; 32.52313029031236; 864.5556223815323; 384.75393623728365; 1780.6673957892622
11807.677587061733; 30.02553067816194; 872.3682388835983; 361.97555816456094; 1804.5556088461
12391.352831712928; 29.04518211962861; 870.997896387596; 355.0354569143448; 1812.9486987253129
6750.000000000001; 383.04047894394495; 158.8521952380574; 2058.971566467551; 321.8562917407971
6783.666044256602; 290.0773299617729; 181.07087508528065; 2024.9589181360466; 354.68945001559166
6883.676343350261; 227.28175970568503; 229.12875260029708; 1922.8475501189912; 443.76125430583346
7047.206893514623; 189.04454443038935; 277.6216428452646; 1778.6890845223293; 583.4403881066492
7269.972489631581; 158.67719747964452; 343.0271900345591; 1607.019386406475; 781.2593197048215
7546.729424061791; 133.4812900841972; 417.41852666327475; 1427.5960239031513; 961.8300911195138
7871.785058041157; 111.51371099638308; 487.5432179280228; 1249.4137020536652; 1128.5611063036952
8239.42504062025; 92.58778118347493; 551.682066649017; 1079.9315017699082; 1282.4756105163187
8644.217720534347; 76.52978655627346; 606.2194578348033; 927.2149516502931; 1426.7347894774264
9081.196231774755; 63.594021110375884; 653.1779991121151; 799.8821503442266; 1567.1786724668964
9545.941546018394; 52.40614908746237; 689.3926102895941; 683.7268244757468; 1685.1948267655916
10034.596404439992; 43.75836377723814; 716.8252780139014; 590.7464594293973; 1775.1930204535286
10543.837062473985; 36.917403706459844; 737.8792901125425; 515.0763458378801; 1841.0862083650118
11070.82314012829; 31.854525138915267; 754.1513418649325; 458.52748543685544; 1900.7944611040682
11613.139110507545; 28.136769770329057; 762.4454194562684; 415.9252870215322; 1938.708599658084
12168.735554690964; 26.191429914822155; 771.4353662183449; 393.666904275691; 1973.0679119912768
12735.874528276416; 25.390992231578743; 771.8049480819013; 385.4934786966916; 1979.5620026874471
7425.0; 308.12902951478964; 145.72015344006107; 1916.349755996251; 366.6531853825058
7455.618686601401; 225.8619999263858; 162.08814366123366; 1883.0124328583088; 396.96662914693104
7546.72942406179; 174.1065787675914; 197.56386937365593; 1806.3070253545397; 493.0721808801869
7696.184119419181; 143.65345447290218; 231.6121444699925; 1685.3506444257732; 648.0510430528536
7900.672439735747; 121.24837976067877; 285.342121826481; 1549.9569861430114; 815.7721982955268
8156.056032176336; 103.16987388044852; 346.0798924608189; 1393.1291255559456; 983.8425719902152
8457.725758145625; 87.22916715122133; 405.5472885911104; 1238.964688762855; 1155.044136582788
8800.923247023577; 73.75369546608727; 463.0434961599738; 1090.174258544312; 1326.2702557079808
9180.992593396424; 61.932175167194664; 513.597672301559; 946.9381559340574; 1484.1806413180855
9593.55252239753; 52.20293130232322; 559.1457834965958; 822.9435520302333; 1637.1739297705005
10034.596404439992; 43.859579619497005; 596.1645082508916; 713.4707020371177; 1779.508134194164
10500.53570062023; 37.07610581334914; 626.4085614976788; 620.6640405795785; 1895.9388473290355
10988.203902367302; 31.70408084018553; 648.7306764353823; 545.1678850557975; 1978.1358449979157
11494.835797000322; 27.562747655643875; 665.0093068189663; 486.20677680194007; 2039.2418201169558
12018.033324966278; 24.619811727344864; 676.431597094609; 445.8444683990788; 2091.0122170463737
12555.725785473334; 22.90105771545764; 683.4269522756919; 420.3825374131884; 2121.0833744269703
13106.12929128963; 22.38065913855505; 686.1537187463294; 413.01745851637105; 2129.073477018138
8100.000000000001; 257.2256673507483; 133.76561345198795; 1808.8052677146243; 409.6647554075289
8128.0763406848; 184.08504647817756; 147.2500379125839; 1785.2726860971336; 444.76489526903396
8211.729415902597; 138.31686135080363; 173.0466984588217; 1720.3237346648511; 561.3974802065179
8349.288891875764; 113.11134979218501; 199.03378435121775; 1620.4785784390251; 677.8639689128156
8538.149682454625; 95.60759550827672; 243.84513903195568; 1500.6562823545923; 830.7779206355315
8775.0; 81.64657619371907; 294.2131426050741; 1366.8377368994286; 1000.5641530307648
9056.07530887415; 70.1096597878376; 347.202623440401; 1232.6026923275542; 1183.6610248926595
9377.399692878618; 60.127340655417434; 397.58895608161885; 1098.1846095905191; 1364.7132833966712
9734.988443752773; 51.20562537305723; 444.0484629663941; 961.1292951826936; 1536.539517236249
10125.0; 43.52480377358967; 485.34927848919153; 841.4028607737981; 1695.7172027135011
10543.837062473985; 36.935097015434536; 520.5618347582539; 734.0849950802246; 1846.595427182871
10988.203902367302; 31.606713036877043; 549.9373321765547; 645.2931139493553; 1977.5724649595388
11455.12985522207; 27.351382174172038; 575.3564175068813; 570.5209728753352; 2092.005957430173
11941.96905874404; 24.017678045610406; 591.9104234987547; 510.7698373863559; 2164.3141079163656
12446.385017345398; 21.668371702003412; 601.999349111603; 467.00840222530155; 2206.718644583635
12966.326580801519; 20.241937265416723; 608.8978186649908; 443.682614357142; 2239.562980738693
13500.0; 19.838953104056195; 613.5206361660468; 436.32022429049726; 2260.268612004719
8775.0; 224.99473910511173; 124.64646007512431; 1745.564330990646; 456.7424034280437
8800.923247023577; 156.71641370854323; 136.9596753465294; 1729.1518683416082; 508.85617328225504
8878.238845626985; 115.20907083992823; 152.5530462446142; 1669.7905171136154; 597.1761648633959
9005.623243285276; 93.35647077187835; 177.5630805416206; 1587.4071875596185; 698.0497298567709
9180.992593396424; 78.52792740807801; 215.32345444616297; 1473.9697001099507; 844.316742460787
9401.662087099281; 67.49274382042353; 258.2610668384208; 1354.7899022136526; 1014.4874458103849
9664.529217711539; 58.30886041260082; 303.8819186942364; 1229.2501017465274; 1203.3036716003885
9966.255565657546; 50.28960500239237; 347.97678448343476; 1101.4938389903787; 1395.824690572325
10303.42782766978; 43.18781935753523; 390.3857872303224; 973.574183933827; 1578.950732977187
10672.68710306828; 37.26693945035702; 429.1660325623116; 859.1191074473162; 1746.8487391896133
11070.82314012829; 31.827442666723183; 460.827799499399; 749.8287501627718; 1903.1939203426036
11494.835797000322; 27.49668562345376; 489.85104097328457; 660.35573832306; 2037.2910565716418
11941.96905874404; 23.96089576869277; 513.1519293969521; 585.5260323432707; 2156.8106368688777
12409.724009823909; 21.22082902022097; 531.7480856552576; 528.4980638592367; 2253.4521601004803
12895.85689281639; 19.340404177251894; 543.3216389247818; 485.3077680542599; 2302.472265310612
13398.367437863466; 18.244185571319314; 551.3608901192997; 462.24979277340503; 2343.185107545
13915.481486459605; 17.913037332510072; 555.9654874743578; 453.33355995758865; 2361.6818814961
9450.0; 204.45611022296305; 119.6792120070692; 1715.4176733588847; 514.0666908574709
9474.076472142286; 139.38780467412448; 130.81165864060054; 1695.115357372179; 570.3756937565942
9545.941546018392; 101.02455907258933; 138.55390134930593; 1638.18415541429; 606.0114207833315
9664.529217711539; 80.79241418332721; 163.35252591045622; 1561.4449660627786; 708.4304429546835
9828.1483505287; 67.78822739557673; 196.15575781060863; 1463.3005655568215; 853.2778923938764
10034.596404439992; 58.36511356759749; 233.39929398552735; 1350.652552899212; 1025.9750590255317
10281.293692916277; 50.44284598569082; 274.1440071920401; 1227.1511529644742; 1222.2318353951282
10565.421193686507; 43.910260632338705; 315.2432647085069; 1104.1640292976922; 1418.7128461255597
10884.047960203043; 37.930243798708204; 353.38851327004437; 982.3348789253175; 1609.5239681134801
11234.238959537935; 32.78200555597754; 388.7932042049954; 866.2101980240687; 1784.2623446453017
11613.139110507545; 28.407547032254488; 421.2597219888136; 761.3434349971599; 1945.204070435124
12018.033324966278; 24.58593340796632; 447.0828948521361; 669.7894376176421; 2082.413798893372
12446.385017345398; 21.639134914477246; 470.2072692006692; 596.3652805848633; 2198.479101686406
12895.85689281639; 19.39338093004913; 490.0799941403986; 540.0228806658365; 2297.2291718982
13364.318164425747; 17.79485846603591; 503.1856528211375; 499.33115542470716; 2375.2756691064606
13849.842056861155; 16.782702770022883; 510.37522848656613; 475.47171052993775; 2417.468333644436
14350.696847191777; 16.48848682541316; 513.9733200237658; 467.16309755418337; 2428.530719066931
10125.0; 192.75541593819327; 122.66641418934951; 1694.565587762769; 599.6560436025893
10147.475055401714; 129.99642667667112; 122.84388086761011; 1676.4464233755916; 583.9246582871314
10214.603516534551; 92.65525609723923; 131.81732994707858; 1626.8875766885988; 611.9104490080201
10325.514515025388; 73.6920036762077; 154.54651259577693; 1549.5069013539025; 712.5766247159801
10478.817919975516; 61.75432743276513; 184.5929891736307; 1454.8049841628915; 859.5007565500453
10672.68710306828; 52.97847996387661; 218.96162976632235; 1341.4651888802025; 1032.6113299060585
10904.958734447371; 45.907342071866815; 257.0210748873512; 1226.7270497131747; 1230.9918092142648
11173.238116141623; 40.087650962816596; 295.4424372243724; 1106.1115406021852; 1429.4447079927725
11475.0; 34.914590046458635; 332.57711674002826; 989.1966082244173; 1630.0536872526598
11807.677587061733; 30.374157220458734; 367.06054331683515; 873.5388056902011; 1807.4313302389216
12168.735554690964; 26.431532074134232; 397.79024367173565; 772.4854484430393; 1976.5610279456357
12555.725785473334; 23.148272434840486; 424.6155277137287; 682.5014830901846; 2120.0656448363
12966.326580801519; 20.3650400671749; 446.0831271794306; 606.8627450608817; 2231.7345317585355
13398.367437863466; 18.272904528041696; 463.2126367144845; 549.3646453273509; 2329.522210328386
13849.842056861155; 16.83847581263124; 477.62826167993444; 508.1205032343757; 2407.163448608052
14318.912319027588; 15.882843361628131; 485.08415659379165; 481.78486008531354; 2445.200242336725
14803.905734636384; 15.591598263300403; 487.14246332228174; 472.7154460156811; 2459.2602173765745
10800.0; 189.1525768128978; 126.5600752397092; 1680.5213949492172; 645.4909449270446
10821.073190769943; 126.93488423563852; 117.7797550964576; 1667.853633835417; 580.0692780639121
10884.047960203043; 89.97601107400719; 129.40131313116638; 1615.6987624146243; 611.3691209927208
10988.203902367302; 71.36764091868574; 152.10596650621878; 1546.794302521345; 714.0033518259747
11132.385189167684; 59.62897568518059; 180.5913316595535; 1451.699790922785; 857.8145929210508
11315.061864612142; 51.1357138055147; 214.1321678659973; 1341.563344979239; 1036.5413402173183
11534.405056178666; 44.32510479160198; 250.72267867886853; 1224.4897400639225; 1229.3152692843144
11788.368207686763; 38.717952778875; 288.54661680749354; 1104.7203107551206; 1431.067328288137
12074.767078498864; 33.8409711916302; 325.7305816165653; 986.8954749699272; 1635.6946864833624
12391.352831712928; 29.411129814487172; 359.13865390402196; 871.5211611430373; 1816.5588996330314
12735.874528276416; 25.58724033935377; 388.7034000686685; 772.3574131354383; 1981.3803465687552
13106.12929128963; 22.480183434496606; 415.1812181805521; 683.9658664669118; 2124.5006194374077
13500.0; 19.999707757712105; 438.1554398457339; 610.3829378438949; 2250.7923846243584
13915.481486459605; 18.02192884654382; 457.46815675516393; 553.3511312625536; 2356.3866648509406
14350.696847191777; 16.53561322415361; 470.02342768066956; 511.8486417310984; 2425.327809995501
14803.905734636384; 15.593674679501921; 476.0426217148769; 482.92121109693; 2453.2683599125603
15273.506473629426; 15.21055476159344; 475.5854705256127; 472.48079145468785; 2451.012522579323
10125.0; 192.75541593819324; 122.66641418934954; 1694.565587762769; 599.6560436025891
10147.475055401714; 130.2271210169675; 122.58959443807377; 1676.8342302634123; 583.9964849260116
10214.603516534551; 92.74385064317677; 131.49264253277053; 1624.4070121288692; 610.8472783336542
10325.514515025388; 73.55843980696561; 154.56180919313692; 1548.1300329710612; 711.3972502939847
10478.817919975516; 61.65069888571132; 184.17828670990855; 1454.4634344556036; 856.2149329444757
10672.68710306828; 52.9483628585882; 218.8836111738542; 1345.3028471585458; 1032.1845211191483
10904.958734447371; 45.85876559535548; 256.1568720633116; 1225.400378775072; 1228.2672685574641
11173.238116141623; 40.02300575452615; 295.2765769641275; 1103.974149143572; 1430.5323335855385
11475.0; 34.812125568998184; 332.1030980187308; 985.533572059732; 1626.0503473292092
11807.677587061733; 30.248538039870397; 366.7087268202112; 872.6841850649589; 1807.6243081391726
12168.735554690964; 26.401921857296053; 398.29281581049656; 771.3303096356899; 1975.039312152409
12555.725785473334; 23.06137658408091; 424.2921012745865; 681.6154581126302; 2116.36420420073
12966.326580801519; 20.367487720036767; 446.63031809757314; 607.4370224238579; 2239.10289746344
13398.367437863466; 18.318806559566518; 464.62482067632; 548.7556460279991; 2334.5499427334544
13849.842056861155; 16.7717401300407; 476.66296362561167; 507.5547500605592; 2408.759303404241
14318.912319027588; 15.907908767695075; 483.93915409826633; 482.1199097633556; 2452.223443346677
14803.905734636384; 15.591598263300403; 487.14246332228186; 472.71544601568104; 2459.260217376574
9450.0; 204.45611022296305; 119.6792120070692; 1715.4176733588847; 514.0666908574709
9474.076472142286; 139.785151632964; 131.28196713038565; 1693.8947692380718; 571.9248439042976
9545.941546018392; 100.70656587136206; 138.56803959774498; 1639.1835262287543; 604.5564932838357
9664.529217711539; 80.89068484272981; 163.5498590818681; 1559.0189648615717; 706.6628376969388
9828.1483505287; 67.72909259327183; 195.7683422735564; 1464.749113612071; 853.3805190502643
10034.596404439992; 58.37953411562813; 233.8373161775741; 1353.461798203771; 1029.3428429879186
10281.293692916277; 50.58733666247757; 274.9597954737153; 1229.3213075905203; 1222.0865066875056
10565.421193686507; 43.96486201319824; 315.0361554003956; 1107.6945443854595; 1419.1314207512103
10884.047960203043; 38.00438914543139; 354.3392359180845; 980.431965577941; 1609.821927664656
11234.238959537935; 32.87133691536974; 389.259195470686; 866.5758427874223; 1784.7573781926496
11613.139110507545; 28.314377677090725; 420.2685350877793; 761.4580279085329; 1944.0058455586059
12018.033324966278; 24.64338020906126; 448.5005752721222; 672.0156538286732; 2086.5168561927135
12446.385017345398; 21.641495575754796; 470.28242329559345; 597.6283734817486; 2196.5163016887996
12895.85689281639; 19.34949985843224; 487.9041027525674; 539.469091398476; 2303.6203553411206
13364.318164425747; 17.77383747562966; 503.01049474396115; 499.8932426992215; 2376.052488818479
13849.842056861155; 16.750142775521947; 510.6468129661798; 475.108211373818; 2407.6981451526613
14350.696847191777; 16.48848682541316; 513.9733200237658; 467.16309755418337; 2428.530719066931
8775.0; 224.99473910511173; 124.64646007512431; 1745.5643309906466; 456.74240342804364
8800.923247023577; 156.50244886099475; 137.44384559418887; 1725.2284691569455; 510.67026945088253
8878.238845626985; 115.21566277990614; 152.73150684754486; 1666.567536035343; 595.2595697972746
9005.623243285276; 93.12989026426335; 177.26360672200698; 1582.2282173426456; 699.8558392535634
9180.992593396424; 78.56256712794463; 214.9346045830338; 1474.9579477709133; 843.2050970243226
9401.662087099281; 67.52775145295777; 258.16050660362345; 1356.8983207078381; 1016.0485651588936
9664.529217711539; 58.30349063431078; 303.4956172943811; 1230.6783187662018; 1202.0833084452463
9966.255565657546; 50.32983237493716; 348.36311992627435; 1100.1514561108413; 1394.8016965819825
10303.42782766978; 43.25522009314577; 390.1051305438026; 974.5523607286656; 1579.0218395019406
10672.68710306828; 37.1520289983939; 428.87601926502424; 856.1113966889933; 1746.6632592253507
11070.82314012829; 31.948588157892708; 462.39882661545045; 750.058182532617; 1905.4174839564532
11494.835797000322; 27.49126350802199; 490.7785816141264; 659.7569920675288; 2034.6814790674568
11941.96905874404; 24.008863537488804; 515.3977430840831; 585.7321470363248; 2156.716436007795
12409.724009823909; 21.325572266156303; 534.5129770716914; 529.6333599879877; 2257.445395359092
12895.85689281639; 19.323588085297132; 543.4998147028541; 487.063330492804; 2303.6856436134212
13398.367437863466; 18.197642531474035; 552.0231956007586; 460.3557063195325; 2339.1455131047246
13915.481486459605; 17.913037332510072; 555.9654874743578; 453.33355995758865; 2361.6818814960993
8100.000000000001; 257.2256673507483; 133.76561345198795; 1808.8052677146243; 409.6647554075289
8128.0763406848; 183.95743115404616; 147.09515518603567; 1786.8364386931055; 443.80960905205535
8211.729415902597; 138.21378542165888; 172.86384073931163; 1720.0764528473367; 563.0878760111376
8349.288891875764; 113.06883443277727; 198.99740519762184; 1617.019985736196; 679.2873362000797
8538.149682454625; 95.38062380542715; 243.77483905115994; 1498.7307586834274; 830.0287410240932
8775.0; 81.68989132289697; 294.4174082077353; 1367.17216285681; 998.2341137668116
9056.07530887415; 70.14444753964396; 346.25853551379606; 1232.3354825494682; 1180.8760682157913
9377.399692878618; 60.10868461911353; 397.49030135903536; 1096.7421895704672; 1360.9527768245555
9734.988443752773; 51.231964980807575; 444.17057072704216; 962.8688912121763; 1536.8433752171914
10125.0; 43.5164089388407; 484.70107274397577; 843.6693491834134; 1698.6867461840861
10543.837062473985; 37.0415447420152; 520.4158147055167; 733.4396498467297; 1844.5650791437395
10988.203902367302; 31.573124255243272; 550.0055979182177; 645.0584332907418; 1978.6496008375188
11455.12985522207; 27.366593220058714; 575.1503870233975; 571.7522371071391; 2100.274725817986
11941.96905874404; 23.976468437625112; 589.9485887262399; 510.3372919737658; 2162.0291739156964
12446.385017345398; 21.623368325832207; 602.0114463422342; 467.5831255877039; 2208.7241822113206
12966.326580801519; 20.298325553713507; 607.8538236151194; 441.9209576456285; 2239.9656960094458
13500.0; 19.838953104056195; 613.5206361660468; 436.32022429049726; 2260.268612004719
7425.0; 308.1290295147898; 145.7201534400611; 1916.349755996251; 366.6531853825057
7455.618686601401; 226.49420085027685; 162.24686247318562; 1891.2649317748223; 397.5302873573548
7546.72942406179; 174.004776056164; 197.13225226303712; 1807.6080000777645; 493.01217763861575
7696.184119419181; 143.91911082147186; 231.3689834849365; 1695.045556457942; 648.7835682126353
7900.672439735747; 121.37254129336347; 285.201207319803; 1551.5865396132501; 816.3633213915228
8156.056032176336; 102.74492793487053; 345.63970938548255; 1391.6701781099212; 983.901958993466
8457.725758145625; 86.90160791137586; 404.8678682844428; 1236.0935788493855; 1152.9680182247619
8800.923247023577; 73.74123949797611; 462.71026285991996; 1089.3961300977799; 1325.3959559447187
9180.992593396424; 62.289873292030514; 515.4533456668827; 951.056097264195; 1487.7301268862375
9593.55252239753; 52.106317007964755; 558.5601166508194; 824.0476151111268; 1636.3711649548804
10034.596404439992; 43.916442534305766; 596.1390132578005; 715.6612601137085; 1778.3887691837126
10500.53570062023; 37.104677338577666; 625.948880065313; 622.403053908676; 1897.2234352983137
10988.203902367302; 31.638098256581106; 650.2998842544415; 545.929649843069; 1980.7936742217494
11494.835797000322; 27.50082382189236; 665.3838963521998; 487.3101423318643; 2043.3885006148928
12018.033324966278; 24.560236196525654; 675.6494777007031; 445.2367482605221; 2089.9619235450587
12555.725785473334; 22.936943841691125; 682.4953416338552; 420.68058856070087; 2117.6592951349894
13106.12929128963; 22.38065913855505; 686.1537187463294; 413.01745851637105; 2129.0734770181384
6750.000000000001; 383.04047894394495; 158.8521952380574; 2058.971566467551; 321.8562917407971
6783.666044256602; 289.72139788059536; 180.72971448629465; 2027.7580487719413; 353.8123239012874
6883.676343350261; 227.85669225606276; 229.01620363096302; 1923.506477582328; 443.4165365802058
7047.206893514623; 189.01288264754965; 277.4276952394716; 1780.9508998203416; 581.7689544780151
7269.972489631581; 159.33561171168083; 343.94059280533435; 1612.6702275111115; 784.2575639527893
7546.729424061791; 133.6275129571299; 417.91803609241435; 1430.0257938649847; 961.4264291143633
7871.785058041157; 111.38231779354038; 487.1264574818829; 1248.7964976478472; 1126.776188007189
8239.42504062025; 92.11130657684136; 548.1646892769212; 1076.3204898410702; 1280.0953033011665
8644.217720534347; 76.27443615336689; 603.9750195390585; 925.9566454111307; 1426.7452990242523
9081.196231774755; 63.381433161733824; 652.7353988270578; 799.1693183929841; 1570.272288514085
9545.941546018394; 52.54939442753531; 689.336316460226; 684.293470184813; 1683.3244129126733
10034.596404439992; 43.73224417366636; 716.9700591297285; 590.8232317797698; 1772.8038008964563
10543.837062473985; 37.011903448105826; 739.9613893987226; 515.8724541289188; 1847.3156303168025
11070.82314012829; 31.837686118328374; 753.232022471147; 459.00295671920327; 1901.4334002039911
11613.139110507545; 28.188293151512465; 761.6853199667122; 416.75595729202956; 1939.0991743506318
12168.735554690964; 26.10667445595349; 769.7682027879679; 394.01044580307104; 1966.9916621227894
12735.874528276416; 25.390992231578743; 771.8049480819013; 385.4934786966916; 1979.5620026874471
6075.0; 497.3642795511638; 175.77238002197458; 2252.2549432371425; 281.26254121626636
6112.384968242756; 387.1854013726307; 204.52816266581198; 2205.2854331202866; 313.8464672763908
6223.192508672699; 310.05796677893494; 272.4389077694483; 2079.294006044053; 405.79821571727723
6403.612261840968; 257.1434172929635; 347.3954723476213; 1894.6938518653042; 529.7481722978656
6647.979016212371; 213.7689600687265; 422.7232126061973; 1681.3141981493895; 717.7745359707891
6949.550345166225; 176.99568548742448; 515.7740844137737; 1465.4509469528773; 926.9315690085249
7301.2413328145785; 144.95452764354556; 598.2219265462038; 1258.1172763110267; 1094.7676887892642
7696.184119419181; 117.96671154126967; 666.8214029944149; 1067.3752356700072; 1236.280760389743
8128.076340684799; 95.61947194682658; 721.2985075583775; 900.818144907186; 1362.216130808924
8591.347391416552; 77.45513277802932; 766.6192395701219; 760.8142807753231; 1471.9729697202488
9081.196231774755; 63.353848263687816; 801.817527161011; 648.0823312603578; 1568.18355975344
9593.55252239753; 52.05047922793022; 826.4046079014894; 554.6993390162438; 1637.491628756183
10125.0; 43.32351546119; 842.986400906264; 479.462238816674; 1694.7130384694212
10672.68710306828; 36.98389071165145; 857.9192540582159; 425.10065871373445; 1747.9184348706854
11234.238959537935; 32.587631422855814; 865.6316802053128; 385.3485080909098; 1782.5581171878632
11807.677587061733; 29.984059741838443; 872.2537065781286; 362.2318510970947; 1806.1356174139314
12391.352831712928; 29.04518211962861; 870.997896387596; 355.0354569143448; 1812.9486987253129
5400.0; 675.7789561382904; 194.02752716117277; 2508.8407112623613; 241.0604416741047
5442.023980101521; 540.7116157414409; 234.96408721648243; 2449.7685923818035; 276.059889610183
5566.192594583842; 437.8958165735055; 330.9678424347181; 2275.077111413416; 372.0974092439496
5767.202528089333; 361.90226123088047; 445.02144598676415; 2038.8414743665662; 503.05584288565086
6037.383539249432; 294.9223774083664; 538.3661023821273; 1762.8686200463028; 639.9976196563017
6367.937264138208; 238.4641193851005; 649.5107076337479; 1496.456486162227; 856.5617677339314
6750.0; 191.07147483143888; 744.0364329232135; 1254.6965810671031; 1042.233228994989
7175.348423595889; 151.74388742619354; 815.3916657507208; 1039.9736080660655; 1177.8185153192408
7636.753236814713; 120.66232138875894; 870.5026177610781; 865.6578253788199; 1281.763099857602
8128.076340684799; 95.184973687453; 903.4729240185359; 716.033869769143; 1362.5475791201582
8644.217720534347; 76.18543369597216; 930.179400238585; 600.6180069420165; 1427.4162819736723
9180.992593396424; 61.82800121691414; 952.9105271309612; 509.5556592922882; 1487.467385880057
9734.988443752773; 50.784386672515446; 963.0694812760363; 438.3727551871535; 1532.4065028394916
10303.42782766978; 43.060941893197466; 975.0025903485151; 386.8832167069368; 1576.8933068058761
10884.047960203043; 37.6413744272295; 981.7220485646684; 349.65913861842665; 1604.9637744990027
11475.0; 34.40443878620001; 983.4632072987488; 328.14056185282686; 1622.3658824650008
12074.767078498864; 33.334297160824704; 981.9990785950833; 321.24387260887323; 1629.5004088285684
4725.0; 966.3334812820164; 215.66034861330397; 2833.949760189378; 203.05656500885232
4772.970773009196; 792.3477834063452; 273.66740660694126; 2754.873132816748; 240.3313486312641
4914.07417526435; 641.7345268860852; 412.8328788606432; 2512.3075071410003; 342.2481280297252
5140.6468464581385; 521.8979655985383; 576.7307217580661; 2191.5333048425127; 476.7591388669445
5442.023980101521; 416.20542452508096; 706.9348532282434; 1840.0489759275417; 603.657971958787
5806.569555253773; 327.31660132949276; 837.3981940643671; 1518.4750645357105; 753.6180014450937
6223.192508672699; 253.23380345702418; 935.292248212012; 1232.5957846025083; 949.7879755893488
6682.159082212874; 196.74450892551678; 1006.4987371813748; 1002.5204216876583; 1091.1471124293444
7175.348423595889; 151.56834087453745; 1046.132461368867; 811.5700506841165; 1178.7472716267796
7696.184119419181; 117.38674681297096; 1068.8998731366578; 659.8856835347311; 1234.4164651428396
8239.42504062025; 92.2306331039085; 1081.6373060942835; 545.9532872705233; 1281.8700271513824
8800.923247023577; 73.14480789044515; 1087.250871916866; 457.27207769282387; 1322.9785198402824
9377.399692878618; 59.55265395288142; 1091.5674811904148; 392.1050269792899; 1359.4311279776225
9966.255565657546; 49.87033493177433; 1098.1351177406996; 344.18010237282766; 1389.5294687977134
10565.421193686507; 43.369610066690186; 1100.4131517268377; 311.73915983719235; 1411.0715869974736
11173.238116141623; 39.58876469859619; 1098.9712544076933; 292.22482301143856; 1424.7575268888145
11788.368207686763; 38.30760583767275; 1098.5932027319518; 285.50465741089283; 1426.7517718844385
4050.0000000000005; 1461.7459175897122; 241.5984330324852; 3246.895264532882; 168.1106917956025
4105.864707951298; 1212.6587162249962; 330.0090007642125; 3110.485731208047; 208.83823624828986
4269.074841227312; 977.6782856436674; 536.1400575937473; 2778.349361700263; 315.48071730790525
4528.037654437075; 775.8111902715431; 772.732571623086; 2340.67630018281; 450.5792777534287
4867.494221876386; 599.5982533245578; 954.1966195186419; 1898.0635553294962; 571.6136324925882
5271.918531236993; 452.79539508476; 1095.248375535726; 1504.0328278623206; 688.0170897312507
5727.564927611035; 339.2036929679931; 1189.4609433718335; 1182.786272702435; 801.768710647184
6223.192508672699; 252.84339486239347; 1235.6880947248067; 930.9235048959561; 952.1584429366521
6750.0; 190.2578696778013; 1257.7494135771797; 737.8842337831065; 1042.6635045352261
7301.2413328145785; 144.77100998852197; 1260.6284187312651; 593.9156551287551; 1094.5480964528267
7871.785058041157; 110.92389682706914; 1250.2197346895555; 483.27862975594434; 1126.515515863649
8457.725758145625; 86.66053628552282; 1238.0670698905353; 402.1651768722857; 1154.556600978269
9056.07530887415; 69.70292282831117; 1230.4298320136438; 343.0871212781377; 1176.5160854588298
9664.529217711539; 57.66347607434606; 1224.8072600551884; 299.9023115794919; 1201.3129853811029
10281.293692916277; 49.8838713379948; 1221.7057447704271; 270.260093113189; 1212.6238071758155
10904.958734447371; 45.317228689335735; 1218.2835651505504; 253.57832413842456; 1225.6273290596355
11534.405056178666; 43.87962170149406; 1218.3310869887398; 247.97563948899224; 1230.8376384496569
3375.0000000000005; 2336.936914159626; 275.1460065833677; 3691.5026470910775; 136.2667693630997
3441.8381716751305; 1954.9789177322407; 417.1656113658179; 3500.6118909374154; 180.91567311592766
3634.9862448157905; 1551.4164313914387; 734.6862069890549; 3032.9917696057964; 291.6671302892573
3935.8925290205784; 1179.0904082753912; 1068.8216543807396; 2437.1807816100204; 421.8443081442566
4322.108860267173; 868.3019943417564; 1301.5152847783063; 1884.597933764357; 528.8119025078622
4772.970773009197; 630.151343546062; 1446.0079898707584; 1435.9894655901803; 616.8548506975939
5271.918531236993; 452.9597957891006; 1513.6136490858219; 1088.6518473360065; 689.6657878324253
5806.569555253773; 325.47216934756335; 1520.4442972231989; 830.1936738629572; 755.8911848798202
6367.937264138208; 237.6587727784092; 1499.603599936792; 646.2476467693706; 863.6560688528757
6949.550345166225; 175.78007259917288; 1465.7414435024875; 511.66078209702977; 929.9077601130377
7546.729424061791; 132.56655355854235; 1427.6105490854368; 413.8814788329226; 963.8207855257482
8156.056032176336; 102.45227595563021; 1395.6913261153115; 343.735739151293; 985.1110336894333
8775.0; 80.9183747428802; 1362.9866756242488; 291.65822677238725; 999.0633555074974
9401.662087099281; 66.83519003370469; 1350.8552520480887; 255.5921185352768; 1014.8281578821375
10034.596404439992; 57.50860515312592; 1344.256533411869; 231.5211001869354; 1026.9415933343914
10672.68710306828; 52.31241950520772; 1331.5619913308847; 217.2066839616283; 1032.1161062403175
11315.061864612142; 50.67897203651086; 1335.2042313315394; 212.1971408347127; 1034.0562454773951
2700.0; 4015.2204248346197; 326.69133387048146; 4190.048648088032; 109.2403772939219
2783.096297291921; 3338.2484346915116; 560.5893663200184; 3881.078292358633; 156.68898040854853
3018.691769624716; 2534.845604897002; 1057.438357834617; 3201.5775388330007; 267.7459606657486
3375.0; 1822.992116652003; 1524.4160786792959; 2445.7052442671875; 386.871369025744
3818.3766184073565; 1266.5500093796768; 1794.3249883021886; 1794.58191568334; 474.01811034564116
4322.108860267173; 868.047096014288; 1893.2496515620364; 1304.3470049098246; 532.2759611262319
4867.494221876386; 596.2044854412908; 1900.9818790020827; 953.0906678952989; 575.4370944502981
5442.023980101521; 413.51096130316597; 1842.8262743020257; 706.870713560315; 608.4352843691339
6037.383539249432; 293.4174713347189; 1765.7705351304257; 538.502837639777; 645.6989165821088
6647.979016212371; 212.4890110708719; 1679.220684299823; 422.00363971938475; 727.951546288637
7269.972489631581; 157.3455384574421; 1604.8420622221572; 341.69901981032575; 791.4010540426282
7900.672439735747; 120.01160771382165; 1546.6254404325805; 284.517806571456; 822.1664896964229
8538.149682454625; 94.65922017313045; 1496.0237850848523; 242.59522183150645; 835.2670509741653
9180.992593396424; 77.87682259198135; 1471.8309953902512; 214.40203470276919; 849.3644035873989
9828.1483505287; 67.08983427835118; 1449.954393564518; 194.93904270318797; 855.113580896697
10478.817919975516; 60.838449153587746; 1440.6774841983804; 183.21405064130255; 857.1783401184463
11132.385189167684; 58.97100397536448; 1440.4322463953044; 179.38758254013527; 859.1858913567593
2025.0000000000002; 7533.56702379829; 404.78581811207846; 4488.703470800999; 85.28899736369907
2134.537420613656; 6093.650093905374; 820.051482445363; 4027.584408140184; 132.90116118114125
2433.747110938193; 4270.722813220154; 1593.8792212352344; 3077.8832540255826; 232.87227029253634
2863.7824638055176; 2823.048852884292; 2192.4657021246426; 2177.9699456476264; 324.53565580513975
3375.0; 1820.475610684382; 2445.8445314573387; 1511.6810555828724; 385.11235088747327
3935.8925290205784; 1173.9269610877288; 2443.22968062908; 1063.1118862816065; 422.02113784978485
4528.037654437075; 769.762728541635; 2340.680876693618; 769.2273468075083; 452.7541372039299
5140.6468464581385; 517.8093476643688; 2189.7068666354658; 577.190604547719; 481.43347307239816
5767.202528089333; 357.44399349881456; 2031.0065799411393; 446.14694988452766; 510.76726419471356
6403.612261840968; 254.62504854982868; 1891.6253351754624; 351.84386846231075; 542.5596015828819
7047.206893514623; 187.810703349773; 1781.8829219009385; 283.6083633600415; 602.0975125004393
7696.184119419181; 142.23532977788759; 1684.7542072670633; 233.90143593768855; 667.4632626410967
8349.288891875764; 112.04555995849014; 1619.3815418799327; 199.8542770679464; 693.0632245432258
9005.623243285276; 92.17351342166579; 1574.6713985123688; 177.8394444121955; 707.0977310923121
9664.529217711539; 79.60641394930403; 1547.687764581954; 163.27011287024268; 716.0101670317747
10325.514515025388; 72.55929247065207; 1537.3887038854396; 154.01640333964363; 718.886692948538
10988.203902367302; 70.48139730996583; 1528.0697092094656; 151.76590390962895; 718.9677326863866
1350.0; 16129.939405383988; 543.9298099089035; 4339.431531292221; 64.55884251439821
1509.345884812358; 12014.635092774892; 1319.871896021503; 3631.261314899045; 105.4616241684629
1909.1883092036783; 7313.637102041058; 2472.08817411823; 2456.6247029966066; 177.75064182099322
2433.747110938193; 4257.313093671765; 3092.220759524626; 1581.1377506512313; 233.07724155057673
3018.691769624716; 2523.7885491433854; 3204.287773125884; 1046.5999871639635; 267.5087623936095
3634.9862448157905; 1536.5766402923557; 3021.204820967622; 724.476094228493; 291.21465510183316
4269.074841227312; 969.5802896981552; 2767.0038761841192; 531.9435660600637; 316.18669501199037
4914.07417526435; 636.2204498223294; 2509.4090286254427; 409.253533688553; 344.16573876787635
5566.192594583842; 433.8225689765276; 2269.1354656711887; 329.8178992611107; 377.0861295744975
6223.192508672699; 306.7307091845749; 2072.3395099518916; 273.018489214004; 413.18794852069715
6883.676343350261; 225.43235565988894; 1916.7143903243377; 230.60219495766148; 452.8709048340823
7546.72942406179; 172.00783676137462; 1795.819228352606; 200.40206918848912; 511.63227058318677
8211.729415902597; 136.9609176878972; 1707.5886614184542; 178.73282585028284; 591.8295398780535
8878.238845626985; 114.0077140520538; 1652.7792926864443; 157.7417177218052; 620.6011335551582
9545.941546018392; 99.79133075477795; 1628.020406837339; 140.97894551417235; 622.1706357825047
10214.603516534551; 91.69334781800879; 1609.4743556466171; 133.0436185166918; 624.1057947336211
10884.047960203043; 89.14881315519575; 1603.1446381198118; 130.42049250876792; 624.2098605279548
675.0; 44486.75247071403; 838.0309884909269; 3187.7300546053934; 47.34515925063125
954.5941546018391; 25718.99027699531; 2281.61864181182; 2265.0995043725547; 70.93971263743308
1509.345884812358; 11975.653466034972; 3640.9940816034737; 1306.0638647532635; 105.17951443434397
2134.537420613656; 6025.184383005734; 4014.103245280936; 810.6189317471107; 132.7593853777327
2783.096297291921; 3312.96694223715; 3878.1714231667124; 555.8902645255688; 157.25412169955973
3441.8381716751305; 1934.0954310823615; 3482.1299806535985; 412.49283627152965; 181.64173531892848
4105.864707951298; 1200.7401205626675; 3099.337747614905; 328.6905812241195; 210.62015155158915
4772.970773009196; 781.3025770059955; 2736.56698405275; 272.4064304589637; 242.77182128370856
5442.023980101521; 534.8057419982915; 2433.4570020197752; 234.48025304863557; 280.4533421055942
6112.384968242756; 383.1116626606862; 2193.921025896756; 204.85169434421564; 319.4997661516795
6783.666044256602; 286.7362814541457; 2010.4299186082726; 181.4345310693032; 361.6441449315329
7455.618686601401; 224.18400072387686; 1877.3674634284257; 163.21745321200615; 407.0382801103844
8128.0763406848; 182.77699577116775; 1774.1550658925619; 148.88638285231158; 457.808120040625
8800.923247023577; 155.2601348021205; 1709.7013179023113; 140.89477405525938; 535.9561973443442
9474.076472142286; 138.2651219817562; 1675.340182460998; 136.0598990575387; 601.1350595093751
10147.475055401714; 128.92499481406014; 1658.7336378299576; 128.06602995687916; 616.345695524256
10821.073190769943; 125.88394552267445; 1649.8524996279561; 122.70185845589742; 608.0558129013533
