ell; low_auto_ch0; low_auto_ch1; low_auto_ch2; high_horizontal_auto_ch0; high_horizontal_auto_ch1; high_horizontal_auto_ch2; high_vertical_auto_ch0; high_vertical_auto_ch1; high_vertical_auto_ch2; high_diagonal_auto_ch0; high_diagonal_auto_ch1; high_diagonal_auto_ch2; low_cross_ch0_ch1; low_cross_ch0_ch2; low_cross_ch1_ch2; high_horizontal_cross_ch0_ch1; high_horizontal_cross_ch0_ch2; high_horizontal_cross_ch1_ch2; high_vertical_cross_ch0_ch1; high_vertical_cross_ch0_ch2; high_vertical_cross_ch1_ch2; high_diagonal_cross_ch0_ch1; high_diagonal_cross_ch0_ch2; high_diagonal_cross_ch1_ch2
0.0; 8470.975721616875; 14705.04285769089; 3864.2773263043405; 198.6227027724116; 220.68156762587492; 258.00562482737456; 200.66814195869856; 220.27530811433448; 253.92668507011624; 146.5305972066571; 72.78622609291007; 250.8174498637969; -5184.226842134404; 4274.037343135905; -3726.0315563426193; -86.38844686046912; 75.0034186237262; -15.574617366123306; -86.98736875222563; 75.93082944581109; -15.945191835131263; -41.55714478517648; 65.13421518575117; -10.253811586406076
675.0; 2537.810836627632; 3117.9462223359; 1047.9539504889015; 275.05075890794194; 480.06621893334403; 276.0334373942009; 177.23996381680521; 146.85554020526368; 240.45078814352223; 149.79881237667854; 78.6359631707757; 249.7070613205353; -1304.7937371170171; 1222.3354371947946; -584.2370427958404; -154.9398556996166; 93.42695995293785; -31.64872521811264; -68.6468928897132; 70.49002245651067; -12.139285978655959; -43.80671000440256; 66.07981859511085; -10.689070222521451
1350.0; 921.732923441925; 1113.6172461441975; 517.9634273915545; 330.6637932209422; 639.1119756722849; 271.5284277566895; 160.5114633832567; 102.09166402911323; 239.08491933658465; 156.9803118196047; 90.34096972174243; 252.33038201014142; -520.9413594485692; 446.41861929835136; -233.0326912721159; -217.50223842609094; 109.11333666536558; -46.67116730291501; -56.419834614649304; 66.29415068254545; -9.68802416766805; -48.34599140013359; 68.16946799761097; -11.033355441566485
2025.0000000000002; 468.43661426148395; 505.9021036195295; 348.7887876598825; 364.613866488342; 651.3796665469397; 285.9558275881146; 148.7428600267291; 78.66831761170123; 238.09929332605506; 168.07243372016572; 104.84652216065633; 253.0805854481373; -266.58087240254207; 232.08997862950787; -121.64097031722679; -249.70250072265102; 116.37007484587164; -54.91020602192878; -48.42098449533652; 63.25395155435478; -8.141550425655582; -55.30363823555757; 70.73839292852459; -11.403272434245007
2700.0; 282.9385737073699; 263.2663426492121; 285.52035684300495; 392.079016333218; 607.0267602477755; 283.04840246436515; 138.2115700797499; 63.69281031677204; 237.62771888459915; 182.20646054504584; 119.92555803149857; 251.59880055570076; -152.1529790530889; 143.25850797646044; -70.23030297542799; -262.1896037431748; 121.2950425676009; -60.522351095594836; -42.10479226745366; 60.77975697036712; -6.972162912485873; -62.939949071873706; 73.89967070849556; -11.728027412357534
3375.0000000000005; 190.6058490790923; 152.6674583044472; 245.5330406579498; 413.6510009811296; 551.3059957483553; 295.2004562751008; 127.97122154666131; 53.15999711961892; 236.35895437705227; 195.74371407951207; 133.83841401033314; 251.20097564574075; -94.1765144210631; 98.94861052960634; -44.40374577150943; -264.221479691092; 125.09879241683755; -62.37592610105614; -36.887665238278686; 57.90838046514481; -6.288634585925934; -69.80105740488847; 76.69839091394664; -12.001765910531555
4050.0000000000005; 140.95284631710695; 99.32826998713892; 224.45324461591895; 428.45514134551814; 499.96946384629786; 289.4791407878744; 119.97247724671344; 46.076447018267345; 237.5065424779149; 207.3545987029314; 145.21374177468923; 251.8074040652484; -63.45580370768397; 74.89196478679688; -30.307372953311457; -260.7079291736514; 126.11875059731028; -63.267054567028936; -32.94584504204; 56.82355195428823; -5.834935353207163; -75.718605250453; 79.05805789770922; -12.172970987394613
4725.0; 116.27365550696715; 74.67562458396839; 224.08724328086205; 437.4392990861384; 467.8024923390386; 306.9558495222174; 114.97874721306182; 41.9729533168767; 237.47792322055622; 215.59774792730045; 153.54422945018928; 251.55618293238186; -48.311095800679; 63.34295394720919; -23.26777165063257; -256.32520113763593; 127.68514076839192; -63.716771898248616; -30.641964379295384; 56.558805348723375; -5.936118652948316; -80.10339592466798; 81.32453707016751; -12.787650800686995
5400.0; 108.6235813247391; 67.62915590593407; 219.14797689497024; 440.734918806262; 456.9157568151697; 307.4062607124686; 113.0420775155199; 40.68597361490797; 238.3976465886327; 218.2841925584116; 156.68272156216352; 251.7549717845469; -43.808516935423455; 59.39974561431833; -20.82432559594967; -256.1215669887772; 128.21288902320208; -64.37121558838733; -29.874283878884192; 57.115593397184256; -6.299814652730638; -81.96424380928971; 81.95464284042426; -13.040812191941853
675.0; 2566.1933915533855; 3143.7712015136426; 1049.4319781914755; 176.33862696642922; 146.87050167509824; 243.51538936372543; 276.108673820012; 480.9563162975792; 263.05272134051756; 149.64157087670148; 78.52943611505664; 250.6299814528953; -1329.5355757178081; 1232.7138250885414; -593.078605114581; -68.44875205441512; 69.99676854221329; -11.983412829687301; -156.16027739876793; 94.07781322008161; -31.54641065725094; -43.670490509974975; 65.89895664017347; -10.581593512939131
954.5941546018391; 1453.3818668807116; 1804.2942049142698; 679.9119337915038; 235.64572266590562; 348.5990765301544; 249.91434245399643; 236.14963364003805; 347.63565335162764; 245.65672821412588; 153.37260317812576; 90.1659555965609; 249.9733655919573; -794.918315828952; 695.909281719825; -355.3594860961436; -124.47618307789794; 84.05129418438794; -24.73967209151289; -124.17326873374286; 83.85705822366049; -24.463122869037637; -46.65026566651208; 66.80387377030286; -10.812982564681793
1509.345884812358; 694.5472407619246; 820.9791726362326; 424.4589044592945; 301.8849010009719; 536.7622226534156; 259.8466008880413; 194.43165835173463; 207.9294527739064; 241.96694954303064; 162.3464416169006; 109.17430772108325; 253.1257108548987; -403.939107892438; 337.58959141180765; -181.71165191962174; -192.2738345678739; 102.46270843998508; -41.445444349083196; -89.06318018981337; 74.04923049228542; -16.9450494298578; -53.77941861127987; 69.12513990514812; -12.00471587265986
2134.537420613656; 385.69761859454746; 401.07182194932034; 316.09250949858006; 345.25431341223805; 586.3906014003966; 264.82897130370026; 169.05826037506222; 133.60951202455914; 240.41351379040483; 174.78385145174678; 125.85020696034283; 253.6666123768903; -221.8050162043932; 193.41021302536518; -103.0077651856904; -230.78399087463274; 111.95919037461242; -51.507077984517615; -67.57357262815995; 68.198761484135; -12.568985262206148; -61.42246187794498; 71.81794723240907; -12.561305651678714
2783.096297291921; 240.61125339727502; 211.77644368487077; 258.47245433132815; 377.7375861525822; 564.1302017232472; 269.7552228380721; 150.67729863196598; 93.75719781702716; 239.2412082297142; 189.56526082740908; 141.41821027275074; 252.40135864768405; -129.97675722637857; 123.03239357430199; -61.05214907973049; -247.76773321664703; 118.54253204120967; -58.011915608074624; -53.6261652414105; 64.03239387576073; -10.026085799229053; -69.74083809197562; 75.32648478857357; -12.919940245636134
3441.8381716751305; 163.9613046948407; 120.48018773173901; 227.0027155613661; 401.5293163402077; 517.9605255606732; 272.30498046540583; 137.37337393047528; 70.8710771656584; 239.73353761273322; 203.42074759808693; 155.48050514583156; 252.36880063656093; -80.50834218825729; 86.30045580726592; -38.91868072519382; -251.9551746967639; 122.28278541814768; -60.40030051567886; -44.46847493632146; 61.7303062526506; -8.446517253574552; -77.44100254869045; 78.78634649305415; -13.91134757595569
4105.864707951298; 121.18283029571042; 75.74325536628741; 209.11390751560472; 418.7640493242511; 477.99059326921406; 275.5206569549976; 127.13926642985022; 57.30664633898425; 238.8358074806745; 216.38289792094656; 166.11364438237257; 251.64869768194623; -53.4929427211528; 65.37863464933191; -25.8930921618025; -251.22085199611084; 124.44254840056377; -61.46384388076652; -38.225084105714345; 59.56952630873271; -7.639586330393532; -83.80424128288966; 80.97734504553242; -13.790665562572993
4772.970773009196; 99.4155272192669; 54.97460446764253; 199.1440295171335; 427.8493092594155; 450.06733227913605; 277.91705633717174; 121.02966781694897; 50.247412541436574; 238.24296045690306; 224.52799997290083; 173.4899837325504; 251.00097693707062; -40.072035439230895; 55.19551491994423; -19.595182314922155; -248.32387000201268; 125.6428615577049; -62.576239288478654; -34.63312220639082; 57.87034992928198; -6.907590701160436; -87.7199201254534; 81.2483624779304; -13.26703453307678
5442.023980101521; 92.30895520742057; 48.82103669244032; 197.12409741348196; 430.9923570371107; 439.5995131150396; 280.38596225049525; 118.75471383048189; 47.93068401348389; 237.85686156835092; 226.8097114310808; 175.95078019279146; 250.87421385160243; -35.91677273013837; 51.792860494444646; -17.536610416262015; -247.39872351789364; 125.76198373406633; -62.3372053086498; -33.29092893487217; 57.098209909575885; -6.514708613506645; -88.82100128308218; 81.08446257086139; -13.12945409291775
1350.0; 926.1728026143185; 1121.0489142146455; 506.5886591717446; 160.09008981867666; 102.01899049570528; 244.54197496126622; 330.9219210926694; 639.5144232802894; 282.00699646811387; 157.13792033551354; 89.93933021843063; 252.28142411861185; -525.6895132968007; 448.4018733022603; -234.58274010929713; -56.41591183212904; 66.08875205722723; -9.256155288237663; -217.71900775693956; 108.6109778269533; -46.71823668636259; -48.439479427186974; 67.98477263130373; -11.022736405147931
1509.345884812358; 697.2392820088002; 824.7058131982449; 425.0249564718895; 194.07786166554436; 208.47719449535472; 247.9611447969591; 303.1552833543944; 536.7368827744596; 254.9572252724992; 162.03491632492694; 108.95887791326967; 253.99648478348075; -404.3737721697528; 339.63911782353824; -182.83225187497774; -88.80215583258935; 74.35180517108101; -16.842445539100165; -192.44586779125436; 102.07404751778849; -41.2104201146263; -53.471074978333796; 68.99039607845954; -11.413483692546494
1909.1883092036783; 448.75223778047985; 489.110751822936; 337.8688265928782; 253.55967969257802; 365.86064295705256; 254.2317291043795; 253.46139656775588; 364.6899568894085; 251.33212953193407; 175.08213058279858; 144.2081962509516; 255.37133083207792; -262.8424323306972; 222.9425303170354; -120.76177172779678; -146.06157903008358; 91.15436674543281; -31.94508783306409; -145.97647081951303; 90.37467123954718; -31.628472235450555; -64.73187601176926; 71.87758307232752; -13.247204835006988
2433.747110938193; 289.45240615663283; 275.1818650306288; 278.41990848525234; 304.04916144781; 448.70335986244254; 260.54359271729845; 212.49004479128817; 236.3922482707567; 248.35823428861528; 191.1421959900869; 173.61210595014785; 255.53993985767372; -164.05605130312097; 147.40670121828768; -76.85758935584056; -189.92922514669806; 102.54504104308245; -43.05201405799361; -107.53374556097818; 80.75334388315034; -23.26250177221677; -76.90402469044352; 74.9494413713854; -14.909835923081415
3018.691769624716; 194.09898261491549; 154.89607759462146; 240.17351690100688; 341.6373891072474; 462.6168189364706; 263.38651299520484; 182.60899051884306; 156.15507533721686; 244.86772889283577; 208.47973730040147; 193.60975743035095; 253.19979216476997; -102.08006859279782; 101.22510791298365; -48.54190770164404; -213.0649465054308; 109.49091998974048; -49.219593517587384; -80.38440951039748; 73.30741602231878; -17.307734926768777; -87.67657104269794; 79.20154763513298; -15.885651721723947
3634.9862448157905; 137.36309598601505; 90.43823226474372; 216.4184351117355; 370.2879832148631; 446.2469984143637; 268.18234649582246; 160.30263266882838; 109.27596555701547; 242.9652861625043; 225.35927774356372; 208.18008602070392; 251.905481590028; -65.2044756546206; 74.04949170064944; -32.083598869357076; -223.62297329514166; 115.46414945170773; -54.19504295437688; -62.122443699116815; 67.55211857061119; -12.968361314557626; -96.66215083096104; 80.9547740492495; -15.855021164694826
4269.074841227312; 103.43372601681; 56.57481035565632; 200.16504910248034; 389.52624402206465; 420.2946059562446; 270.7057962940421; 144.98083985630691; 82.44721975610925; 240.82989010511284; 239.8990738873177; 219.13646689464906; 251.89324732946136; -43.784832009750275; 56.96601120222535; -21.570699200546628; -226.24121036936035; 117.81783031191384; -55.48422137521191; -50.745846259573405; 63.00846373997392; -10.36360271881204; -104.3734528548594; 82.07172510348965; -16.002472577341724
4914.07417526435; 85.35461667061666; 40.484932827633536; 191.41055495380544; 401.1859995440964; 403.6389466543662; 271.7983581680378; 135.36397567860934; 68.40269474418899; 239.5365839447; 247.94123475438317; 225.57293369116366; 251.43307435465348; -32.75894202648857; 48.41144400430408; -16.051063608876117; -226.75211235615666; 119.0139212911911; -55.94081589920611; -44.1601574909674; 60.299904318810256; -8.805736425362769; -108.15785308558972; 83.37699255404065; -15.950018416868762
5566.192594583842; 79.88617132824987; 35.62090317879708; 189.00266169384923; 404.90156697105783; 396.62297923874087; 273.0287636188871; 132.586627212517; 64.17667839816554; 238.5731694537599; 251.47762704448235; 227.19851751591585; 251.70793291454703; -29.456446926842183; 45.68299816173327; -14.527499636302398; -226.82377501888342; 119.97348329875744; -57.01114994563006; -42.111764160560895; 59.648624702118084; -8.354830041560376; -109.69817815732229; 84.21279424046624; -16.096785508769596
2025.0000000000002; 470.85030183432195; 511.0387683547592; 351.4361722686619; 148.19340468319064; 78.38366315733342; 240.53579111543513; 366.2755565045818; 655.3098983848844; 284.3210303722388; 167.86309510742657; 103.92722239422508; 251.2476826522505; -268.3663195091159; 232.83730535790136; -121.7720529147294; -48.43407279663313; 63.15933250189042; -8.033981513422516; -250.31535170861474; 117.00307558478632; -56.01597567795571; -55.16898118540267; 70.7922635483896; -11.652182675156844
2134.537420613656; 388.1109023617464; 403.55468723990947; 313.7234006645107; 168.66023737841672; 133.8730090319333; 243.04995616960372; 346.85760814487605; 585.8838124162479; 261.369555536037; 174.61250547602796; 125.75278214191665; 252.45349516652666; -222.4830574344542; 193.5445948085551; -101.52728778410211; -67.54710114872564; 68.21802470335044; -12.472384838338819; -231.26376952569888; 112.75292145417804; -52.137706339109656; -61.631385398931315; 71.71711638592019; -12.388586948147745
2433.747110938193; 289.6942898553015; 275.13256147031206; 277.52429089271686; 212.44155732355196; 236.72895126710077; 250.9410886814048; 303.6560810734212; 445.76621405425095; 257.73602798895115; 191.70387448031917; 172.8072829969365; 257.46862795191703; -163.97355784171467; 147.03645267839065; -76.01255003063999; -107.69337822910725; 80.45953759074008; -23.005766204307694; -188.5461690776657; 101.85380278636802; -42.39527854600997; -76.65847926665784; 75.5126691253265; -14.997516482398057
2863.7824638055176; 211.32388655861328; 174.33806666397203; 246.31118072070512; 259.11088162159064; 314.1499704621269; 256.0844637184477; 259.09349006618305; 312.1217076024699; 253.41017461269143; 212.7579445447789; 217.78945764897853; 257.5243114839078; -113.6636143913579; 109.86424866414312; -53.87430450254119; -145.9174008892737; 90.69534893699745; -32.708984525497605; -145.22282091028032; 90.95183739723078; -32.640385797827584; -93.7057910903279; 79.36137670003475; -17.19747430855432
3375.0; 152.82860719227185; 106.35097492813792; 222.18394428769656; 298.54694604601445; 348.72597901021527; 259.91765017795683; 220.03030681734901; 213.86793185471083; 249.2592243902122; 234.85681198365486; 251.11129928503803; 254.14321565717026; -75.5865847393358; 81.54673320118225; -36.826280701909766; -171.5930004235107; 98.62336296118367; -39.67976508242511; -109.32216865131169; 80.98503945203475; -24.633459025429975; -109.31255256920366; 81.33767669470596; -18.35967199697869
3935.8925290205784; 113.41910737713523; 65.4653684706536; 204.1746660969651; 329.20541257733095; 354.1740293569307; 262.3721278561249; 190.09514089744096; 149.43979494279094; 246.03313249565963; 255.1375704600961; 273.0762747523158; 253.0137829630785; -50.54391131727163; 62.27724865394659; -24.95635669502556; -186.66848600173938; 104.49802732409673; -44.22120708674091; -83.24192440658634; 73.16920697647264; -18.110621852607466; -121.7150806381526; 83.91563196548807; -18.740908768171987
4528.037654437075; 88.31067987062406; 42.22760684288254; 192.7984385390444; 350.79631355639583; 347.6854115477465; 265.455351188779; 169.4268787402156; 110.62123944086949; 243.51801752103307; 272.0141623893425; 287.2976100473553; 253.8969380768184; -34.98954319052814; 50.50933203997305; -17.582203066425812; -193.03132834837274; 108.85795569446731; -47.21287166793894; -66.4308279455902; 67.91055657988728; -14.236591226051186; -131.1952535856023; 86.4346983038476; -20.095244224270054
5140.6468464581385; 74.17325577568366; 30.548233954300922; 186.21050485917738; 363.6377560719185; 339.8634504211794; 266.3970164264755; 156.52875235534236; 89.84487535371342; 242.0918722853673; 283.69513556742237; 296.28496770031137; 253.9701726316558; -26.693994670486408; 43.324179004336465; -13.356375482292163; -195.95520254188074; 110.44620523837948; -48.70826362720895; -56.67894726996743; 64.83744321623783; -12.002370423934629; -137.4679108347292; 88.63595754674638; -20.627379426188554
5767.202528089333; 69.7604622455971; 27.041159428201944; 184.79139108873366; 368.3024014059041; 336.6988672724413; 268.55158658267334; 152.19373831632265; 83.33694717938822; 241.75457011791727; 287.8016143962891; 297.7914939317429; 254.55054552779373; -24.122129304663694; 41.25650749859489; -11.876281042576544; -196.47957919129493; 111.34298838983493; -48.898747618812195; -53.517568653753344; 63.718603255260746; -11.138035209350749; -138.7529450289756; 89.54298209165279; -20.89934486811251
2700.0; 285.04573469321895; 266.1070247133833; 290.0618062413534; 137.58229587134016; 63.58073475503426; 238.86172439254543; 393.6255739747226; 611.8813175861036; 284.0923353288142; 181.17320026686366; 118.68835310706575; 254.56874287965377; -154.1910318002906; 144.62257667014487; -71.49399843789635; -42.204174958804465; 60.26050892305771; -7.168589407449381; -264.06180645597755; 122.27634260354569; -61.120048046705364; -62.568641768719786; 73.53400624595227; -11.537160066216499
2783.096297291921; 242.94753294420445; 213.29730885539837; 257.1906179716288; 150.89918607448783; 93.86424887366434; 241.42145159056298; 379.41902032759896; 565.0927137296924; 266.06529298154504; 188.74630630776906; 140.64527052829547; 255.69224696517773; -131.15058994729606; 124.23799904289696; -61.447553242787414; -53.813264731539185; 64.2594396673091; -9.964678390118285; -248.9067261746291; 118.82162151189385; -57.40666086666779; -69.6516961829651; 75.29691103598066; -13.282665088026349
3018.691769624716; 195.64740154820703; 155.44269916743272; 240.51543531978854; 182.6668442001047; 156.9763518947548; 247.20034330679923; 343.2785058183312; 461.4606345413573; 269.72622532247186; 208.34000269345947; 193.57232311544809; 259.2926554719922; -102.87001894810379; 102.28355400131578; -49.57938121937774; -80.9592145171029; 73.28120223273525; -17.417887703725153; -213.39275068073192; 110.3476261105387; -49.69835112865094; -87.58141144715592; 78.90575971641378; -16.202895880802615
3375.0; 153.51677406392056; 107.0449981348959; 222.44348510218686; 221.1613925948536; 215.93840941567717; 252.03087578364827; 298.91771124646743; 347.6754139163691; 261.77164433307235; 234.65143465724674; 251.61408657520326; 260.4007033485623; -76.15480114780877; 81.95683826153272; -37.211528533707494; -110.41582684074233; 81.4503055076448; -24.668424038792907; -171.58508953728247; 99.17446645526066; -40.331910488704665; -109.46463059342992; 81.34598374277407; -18.511713306825246
3818.3766184073565; 118.58941181835775; 70.30827465811409; 207.20839238535692; 257.03290458857794; 252.4453548676963; 255.69499393506246; 256.3189224362477; 251.5013809975609; 254.7486716301044; 262.8399734510936; 299.5075113362496; 257.37197141425; -53.86927793367005; 64.91004449597233; -26.568257411216052; -133.65431300778718; 88.35036446302512; -30.91224772842031; -133.06815402612267; 88.20547722881919; -30.588993439363566; -130.53411368128053; 84.40722052811016; -20.58873360187332
4322.108860267173; 92.26216001141266; 45.78732887009317; 195.10821221573028; 285.99526479958547; 268.9544186242688; 259.70828410808735; 221.07034763883522; 180.9911313206172; 250.8852606915496; 288.26680187457623; 333.0507976137445; 257.18777973220244; -37.76688842223787; 52.20063699874622; -18.816266945266182; -148.53599164776395; 94.42493378705088; -35.524661459749595; -102.52348773668041; 79.87513551183599; -23.104651778585442; -147.4241729829428; 88.65511430903575; -23.141012269863207
4867.494221876386; 74.13391995101132; 31.018140490111108; 186.3881866525949; 308.1392501376817; 275.0631560131077; 260.8065239452342; 195.18572686363555; 136.02592712594944; 247.41548793436436; 309.262686667175; 355.9288208231705; 257.6308880931198; -27.237755570060948; 43.386456032635245; -13.457323174805254; -158.42677674668874; 98.30686352678583; -37.85882583761493; -81.99915689301086; 73.26924342002167; -18.21252748595671; -159.92882967061828; 92.23417040123334; -24.739013481417643
5442.023980101521; 63.61211305783762; 23.04647493443421; 180.6096196115433; 321.3075278039005; 275.5299347133755; 261.3956396333366; 179.03868536967062; 110.70234423844606; 244.9858053073033; 322.6734171359981; 367.7237826445086; 256.4726933977953; -21.269881818514186; 38.19741522711072; -10.531252170226553; -162.80657612089027; 100.5286109203256; -39.780030373577745; -69.50294258145465; 69.2519822374619; -15.148554866374525; -167.188604517148; 94.33846012699067; -25.959774629274644
6037.383539249432; 60.258760493485035; 20.561432972052614; 179.34901764808728; 325.71495806417477; 274.23391371242565; 262.0372898702522; 173.67297373918848; 102.33956961782181; 244.59423179493214; 327.5064228895619; 371.2564177455964; 257.08981142282056; -19.309705124197706; 36.46942483296521; -9.253792794046609; -163.98900715185215; 101.28986560424636; -39.90329117090569; -65.20433996648; 68.12135633949777; -13.943657546676285; -169.75954724898418; 95.2238944865284; -25.897779876253473
3375.0000000000005; 192.33419694996925; 154.07960490208438; 251.3921684976556; 127.63531918429841; 53.223834630830346; 238.20910686066628; 413.8753181482227; 553.7211696505522; 286.40603509127425; 194.62523986540683; 132.71756336600342; 254.4609165283659; -95.45403024067947; 99.74806269855112; -44.876436041104775; -37.05360489781084; 58.345463767716865; -6.352741195512206; -264.70374397108674; 125.21902621786458; -63.192827324552596; -69.50861361129664; 76.87070181056012; -12.213661200720784
3441.8381716751305; 165.28602403715647; 121.99331751269062; 226.03980353646676; 136.89984001025334; 71.02062259014559; 240.74184923610144; 402.6188472236663; 523.226177383357; 271.09947399558774; 202.78199701374734; 154.11517734868403; 255.12107706621183; -81.61077427778653; 87.35467772828287; -39.244182825287965; -44.57864811077249; 61.73479083708958; -8.702317582521259; -254.37634142949875; 122.92724754334863; -61.136733733955154; -77.10894798106344; 78.598190944323; -13.585845359913014
3634.9862448157905; 138.58975677811313; 91.16053726194815; 215.28173111276016; 160.49046729130538; 110.09569493543253; 244.2185056715533; 371.4686901908512; 447.20515777337687; 268.73610185018373; 224.6874523150374; 208.07750189594287; 257.44243028345807; -65.90448482959486; 74.49605092775683; -32.33616437628533; -62.79453162374256; 67.2806247778574; -13.200063412392591; -224.29376963441257; 115.62647299842142; -53.9755868012287; -96.73130917188456; 81.06351578953914; -16.254985410173603
3935.8925290205784; 113.92390180376641; 66.06592155339008; 205.44687537756815; 191.07024761167727; 150.99706607740362; 248.84524530859983; 330.6900677929272; 355.81880177479434; 264.1958395729717; 255.74640661023173; 273.82793776609105; 261.7715382406508; -51.03366778668301; 62.89008557916127; -25.159017899336853; -84.1688051347701; 73.47249563918733; -18.470046110131815; -187.97328387612782; 105.25064286896658; -44.994362463997916; -122.26139270996883; 83.40857972369771; -18.901960643952272
4322.108860267173; 92.31147068516299; 45.99329637574861; 195.1034103004793; 221.95032181664095; 182.0603352693501; 251.32422589633356; 286.15913471200776; 269.0056608482005; 260.02568435309666; 289.17857530059126; 333.13271594090236; 260.14356831631375; -37.9090339960424; 52.36257153510961; -18.95639988226239; -103.27926363682651; 79.98081207496752; -23.37480092036787; -148.85014639582386; 94.60232426522508; -35.408042380758566; -147.93016903335726; 88.76868384259777; -22.54336447361407
4772.970773009197; 74.91118977409178; 31.684890937215265; 187.27717301147678; 249.66833496055744; 202.6338008173487; 255.0844771573478; 248.11824728373986; 200.99858810228093; 256.5825876072159; 320.16523753847093; 379.37724378155633; 261.96284144360504; -27.755698077408248; 44.160036673313925; -14.031900862218214; -118.38945112488564; 85.7185614129361; -27.42181783987135; -117.42151082416088; 85.28487674631165; -27.348444491927307; -169.27290979606204; 93.88184829019667; -26.37412860172548
5271.918531236993; 62.1880862272435; 22.411502352890352; 181.01243254432322; 268.97816072039086; 212.90053860403606; 257.23500582427255; 218.6677459325087; 154.28525867231573; 253.47671398488973; 344.31993593229305; 411.78681859555246; 262.82436001995785; -20.80960506343664; 37.77666651451546; -10.374959466173207; -127.77695209007486; 89.41365115152007; -30.290579132989656; -94.26104053289362; 78.0994745189579; -21.47281031222539; -185.31449387020473; 97.87060733648985; -28.978357305046597
5806.569555253773; 54.54506631292342; 17.273031643545806; 178.02848555825355; 281.60953388860474; 217.62508600848886; 258.9021024686384; 200.3526150979943; 127.21274904398383; 252.47799331548433; 360.53268137347675; 431.36534461763017; 264.0307138816189; -16.716382778736513; 34.31412684459156; -8.20066703376348; -132.6897597676872; 92.28824568811397; -32.11654973258354; -80.32177344789878; 74.22243581783515; -17.994520589957073; -195.75730972774355; 100.80576233701674; -31.165935054551763
6367.937264138208; 52.08000946494465; 15.662800809536913; 176.2781836555339; 285.95456158609517; 218.3222516570624; 258.9323218408442; 194.1067777633225; 118.24589526212971; 251.11215614819852; 364.9542584230521; 436.4958657874223; 263.7817319341988; -15.400618354635922; 33.01654194433025; -7.422051436730334; -134.05669096189067; 92.51852014993517; -32.20614045148157; -76.00289379296301; 72.28287488508487; -16.503263429025193; -198.2757794345233; 101.49487423279646; -31.36910201915581
4050.0000000000005; 142.19167398141477; 100.24730386758539; 222.2338908634231; 120.10637615739891; 46.01889322161862; 237.09497449598203; 429.78365377518764; 504.4805008798912; 289.8548285950106; 206.20514329262616; 143.9522218180424; 251.70001974816842; -64.35969006713171; 75.76949972058921; -30.805101341641013; -33.2162707808693; 56.824304340632025; -6.058170194174647; -262.0063983641918; 127.189039765975; -63.93620541963536; -75.44822537882847; 78.92454145739597; -12.400321248770075
4105.864707951298; 122.45393001543628; 76.70835509897817; 214.07709553674584; 126.92449145973536; 57.472782413726; 239.26708832551063; 419.51688075889587; 482.0782230798108; 297.9672941426145; 214.92813347231856; 164.80455402200525; 252.54940960421317; -54.26459120188136; 66.3072104917642; -26.450925141166913; -38.3235914722984; 59.80253089675324; -7.659270821151529; -252.65858882846825; 125.27047166207508; -62.25682564592551; -83.354288547102; 81.2919655550544; -14.239448587867328
4269.074841227312; 104.33640296110784; 57.3100750576123; 203.58779786381268; 145.2687372558038; 82.66861675219806; 241.8220887257907; 390.13837234804214; 423.7061725068371; 284.54229206356837; 238.70084796896415; 218.53633721938664; 254.7348256523149; -44.294271836039115; 57.723450823514206; -21.90559270883382; -51.06376471829742; 63.053901811570185; -10.633193839564768; -227.34384904049935; 117.94493427450645; -56.044061170486025; -103.88648210216542; 82.22123265000432; -15.908189046260118
4528.037654437075; 88.5660223629948; 42.6957872948547; 194.89890387604223; 169.40019236198535; 111.5786206920886; 245.5349699560822; 351.0283735958733; 349.27027356429574; 274.88245114870847; 272.0140450565178; 287.692164315116; 258.05925302652867; -35.33461915325418; 50.37551287429767; -17.67688697229657; -66.7359961378077; 68.09195816889553; -14.422599235054866; -193.5524189435862; 109.02344436890685; -47.55826894740554; -131.3889300517174; 86.71408429248363; -20.504943148640834
4867.494221876386; 74.38710355454238; 31.09418838342859; 188.08710711813902; 195.70721013775827; 136.84653893927833; 247.5102814889697; 308.30323175580935; 274.7773357843025; 266.2926875316674; 308.9676082227936; 356.6564837695817; 258.9352188217281; -27.286327157298892; 43.885348307070494; -13.687912936634847; -82.36488743605038; 73.48241022609787; -18.433363133713396; -158.36332771031388; 99.05295335693165; -38.77978598884472; -160.58077315874485; 92.26428371447898; -25.183941455851127
5271.918531236993; 62.29720066981153; 22.488712578765956; 181.7970577394538; 219.46520468551955; 155.21066091766005; 250.7671528952944; 268.81374134802775; 212.44587208889595; 259.8971708712777; 344.2383496683103; 411.7705184167621; 260.5619438387587; -20.841574794269718; 37.95284477688792; -10.341230050330546; -94.9614353886368; 78.2858223297718; -21.57992258172902; -127.28908256322195; 89.26762792495497; -30.149194571250295; -185.63333657769033; 97.63837601846781; -29.189607674692613
5727.564927611035; 53.291372422824026; 16.667398559076158; 177.5709374106291; 238.61134899078775; 167.39327784297112; 252.66456872779364; 237.28031650887274; 166.25612822517283; 255.3356878903274; 372.2932831102663; 452.12278803355224; 261.9394730580163; -16.226769278929815; 33.89110687693237; -7.988120270994545; -104.16594281214374; 82.59692348670853; -24.303572580997077; -103.27403746035745; 82.40001683181733; -24.203418353893813; -204.02554771671856; 102.96751484436096; -32.484010812312796
6223.192508672699; 47.63601141338373; 13.310992492697018; 174.73363327618125; 250.48462278220305; 174.1252151548567; 254.1149678360431; 217.67073665436823; 138.72273671609506; 252.8433058650476; 390.1433209469135; 475.8024791676124; 263.084826572435; -13.41822675474546; 30.98785610042603; -6.398287415385069; -109.48886801546573; 84.66298377823254; -25.533770096341957; -88.70371174931643; 77.6122761072348; -20.111732395509197; -215.57260859686787; 105.66782615807007; -34.4015683386734
6750.0; 45.84275944679961; 12.188078018835153; 173.73520890521138; 254.11562055662864; 175.2797577952506; 254.98227940681872; 210.9325825412487; 129.52555572256543; 251.59849348993248; 398.2853382018091; 483.9357124895577; 263.8959901256236; -12.447207736234416; 30.144035417432356; -5.822886942088811; -110.68149498401444; 85.37231215586571; -25.64041525011171; -83.83414966588558; 76.17827536027688; -18.73764118561588; -221.0054741896505; 106.89883696869818; -35.467572107464164
4725.0; 117.18829852069888; 75.26031232013986; 214.6792713979071; 114.90256649404877; 41.92345541817699; 237.4205225014812; 437.65174424559825; 470.41531274975813; 298.56378571781454; 213.507253986545; 151.46347101714372; 250.8917229167608; -48.895040648552914; 63.70008980641638; -23.537940450927774; -30.76235506056476; 56.90705295303442; -6.133702964153678; -256.90600366883916; 128.14783181457992; -63.83879079785114; -79.43353120555751; 80.81934333687859; -12.822118496612154
4772.970773009196; 100.10499194543296; 55.39859765681511; 196.9496941945841; 120.62566152365322; 50.34814640051658; 237.96294553445009; 428.0540295467584; 452.60271438683594; 275.18575709333913; 222.42769737915594; 171.9129255067484; 251.37744500238108; -40.40573813932209; 55.51926548214325; -19.749211687036777; -34.685708758252055; 58.05258323951081; -7.075672176568066; -249.21504236272074; 126.05456306486684; -62.226124778878585; -87.09362123457524; 81.24420946244871; -13.388819930028246
4914.07417526435; 86.03898139128002; 40.791098326042736; 191.43134155959504; 135.89353754127313; 68.76681925019987; 239.642768512437; 400.33420877571876; 404.9946819713978; 272.7375770500671; 246.85032380969315; 224.77195567162937; 252.26851255380632; -33.118578498150214; 48.932721657923544; -16.35484109102341; -44.4507564941213; 60.52683098056863; -8.875474411734109; -227.10856590437; 119.96589946167059; -56.76244302654253; -108.15689564565645; 83.39721242920372; -16.076620327289135
5140.6468464581385; 74.59569887347033; 30.89637363398214; 186.26171586251985; 156.99224443019176; 90.78092199436851; 243.72650684304483; 363.08837319170226; 341.3443275908127; 267.9333944491533; 282.571521209815; 295.52660075198276; 257.01461972762996; -26.9418710443107; 43.478442863991496; -13.376766929180155; -57.19752923534487; 64.69657826938368; -11.980729572796138; -195.85414750011566; 110.74873068036256; -48.52667298532281; -136.86681916349784; 88.82619486946294; -20.53622564064772
5442.023980101521; 63.94807173957152; 23.114268022393794; 181.82502359403264; 180.02554636458294; 111.20415763344242; 246.4621641155571; 321.18289223947477; 275.29896568829804; 262.8522219772962; 322.51526183304856; 368.14430665045256; 258.6096060235106; -21.35818087211755; 38.64150690797226; -10.615262438849822; -69.84713683324892; 69.4855674561631; -15.06241262397295; -163.01177744529906; 101.27221958368987; -40.34505454135868; -167.82169494668514; 94.75907290734725; -25.82200871684148
5806.569555253773; 54.776124595541994; 17.388662153111945; 177.5424738810355; 201.45616213832045; 127.93197006794642; 248.97218461691827; 281.08276262331395; 216.81659473174187; 258.3370379260852; 359.64149877287065; 429.1772370041362; 260.9007424819989; -16.79562299293021; 34.38380374529295; -8.252104596964708; -80.95997868924229; 73.75607667017155; -17.816348424507776; -131.94140196218902; 92.00363699681307; -31.729556241665403; -193.9175119756492; 100.450782041098; -30.43091053960855
6223.192508672699; 47.67320841470093; 13.290488526227065; 173.96916417527905; 218.51010913586387; 139.58996624605462; 249.58325756671059; 248.54481696440303; 172.68542637774266; 253.6162290869738; 390.68467773270726; 476.28934210249884; 260.830975944483; -13.38927984267757; 31.067748272219827; -6.448702349514791; -89.26352893435835; 77.63564847936732; -20.15549227524209; -108.3847222442078; 84.11964936764126; -25.178822865859704; -216.5271497006642; 105.5118236727932; -34.64247476762332
6682.159082212874; 43.30583039689354; 10.93952765312397; 172.0691654972443; 229.57683930164438; 146.66594262817193; 250.9377083569351; 229.1867052552107; 145.74274726445748; 251.49047238361283; 410.4365359905154; 503.9478608956105; 262.3047466356843; -11.347423643749035; 29.18960956721051; -5.364666444130166; -94.17073878624447; 80.06222913560835; -21.29012584913007; -94.06174914918043; 80.26746627926629; -21.545274680223837; -229.56175827511828; 108.54094277050505; -36.68497106793327
7175.348423595889; 41.789988759913065; 10.154716606185; 171.53491568730215; 233.42010317440554; 148.93341093833135; 251.53442334484387; 221.61496160485416; 136.61315459145766; 250.9474903496932; 416.87039980452613; 513.233828131841; 263.2361396182865; -10.677242948646262; 28.390662010995516; -4.9356414926050975; -96.31329886684547; 80.365533227706; -21.57977923766848; -88.9139081072135; 78.43142827217324; -19.798858077610817; -234.17893532105026; 109.54782291970751; -37.39476395440094
5400.0; 109.49568737259611; 67.99796464594303; 210.2149307896872; 113.1800160903109; 40.486252615687015; 238.18609732885054; 440.07441058460955; 458.90589441306895; 294.24606360579077; 215.51328692145464; 154.04819121579106; 252.03792635700694; -44.31164002572193; 59.776167850218926; -21.372769837986972; -29.874145989627504; 57.63335206718076; -6.385853960437365; -255.44534815003828; 127.87932874720198; -64.22504587946416; -80.30363557378627; 81.69397793107856; -13.007531277794937
5442.023980101521; 93.22983046430637; 49.16852633785769; 193.12164068418082; 118.680890085248; 47.94248102183693; 237.47704382984662; 431.7838935731523; 442.6355659462941; 274.8549412068873; 225.14762027929532; 174.01928912995965; 249.91816215173293; -36.248432869781006; 52.12225429525553; -17.75995463364092; -33.519762544694004; 57.205993547209445; -6.5648743279187025; -248.42595551247604; 126.15026825846937; -63.074199315646915; -88.44191857404655; 80.7070474381161; -12.872236400242372
5566.192594583842; 80.32997910741935; 35.93655724831342; 188.51842932408934; 132.81125604000258; 64.41719153423021; 239.38973708924664; 405.67789083451265; 397.57933157309134; 272.5146086571661; 250.47297372703505; 226.55878756946387; 252.55400564340965; -29.669123756442804; 46.014669558715596; -14.615027082788254; -42.42515964375895; 59.81616047234063; -8.574666965974709; -226.87006057506733; 120.45864444716536; -56.98831266176928; -109.61784401010839; 84.34496160938782; -16.111887826868735
5767.202528089333; 70.10636037996318; 27.312329888894112; 184.82907572002338; 152.40686146844922; 84.16441913947719; 243.32282375484772; 367.9502526206639; 338.13021653765503; 268.8525310850643; 286.29932947080914; 299.0019584354224; 256.1342164395237; -24.336425736748776; 41.30947008664152; -12.034913632228966; -54.004032627565984; 63.38538864804334; -11.091909337452723; -197.05297575672037; 111.71951655916874; -49.3442273527058; -139.26706589513316; 89.01377084815418; -21.232276398660517
6037.383539249432; 60.45836485864364; 20.678471462663133; 180.5315613012906; 174.12609766067357; 103.01977975994757; 245.574469513585; 325.34534197999034; 273.9649746308383; 265.07420155192517; 326.8092395374319; 371.6032695392164; 257.9518371976704; -19.44764770562289; 36.86742399639813; -9.457121117854378; -65.71713061792975; 67.97807320944855; -13.892944088221714; -163.60446351680832; 101.89267609941386; -40.4041988384693; -169.83900946621466; 95.01261757427709; -26.225426750353886
6367.937264138208; 52.1588781808262; 15.72341173307692; 177.28532364213407; 195.46122464816565; 119.09280235767758; 249.44400517791146; 284.94157572053405; 217.69517327805832; 261.09745609501357; 365.20968876318875; 436.6081980917512; 262.51078099205785; -15.427852219572655; 33.08172430467185; -7.440107877819343; -76.3730664932317; 72.59674657873302; -16.51928071493657; -133.48658377516045; 92.74637045296181; -32.0094891602454; -197.9376917935267; 101.32588710766255; -31.150629303761644
6750.0; 45.79579893889968; 12.216678156773117; 173.02082052195007; 212.04611401962273; 130.65919787678413; 248.7964615955871; 252.8035533301644; 174.88309809102438; 255.11945774830392; 396.7931021382164; 484.34134563243356; 261.67915213562685; -12.474917890741429; 29.99649006128281; -5.804035372729756; -84.5337629967186; 76.26916182623562; -18.476871378857812; -110.3680402688636; 85.06404377544473; -25.481925922046074; -220.42933912082384; 106.14253412770086; -34.71068936114175
7175.348423595889; 41.804586417768746; 10.171966963590892; 170.94301218254114; 222.25909892871425; 137.2930513700099; 249.7002253745997; 231.96482314150703; 147.7698809320745; 251.8966614653529; 417.572589019897; 512.3407308092761; 262.867222577373; -10.671655178239746; 28.18820614834097; -4.835001111718897; -88.93545099034884; 78.0739240319285; -19.61630670687951; -95.01408676954348; 80.49229869128389; -21.535380059864515; -233.56019618231036; 109.4434612254707; -37.289275413208124
7636.753236814713; 40.39105901744109; 9.482840055008575; 170.0200908692287; 226.1932703211148; 140.61046711616282; 249.81855748803375; 224.83755095250837; 139.16590254945712; 250.19178138739986; 423.4853703275627; 524.6186547256183; 262.6296186834703; -10.057706699209337; 27.71269380003424; -4.542533523520362; -91.47338727100296; 78.86164573838465; -20.49674040765533; -90.57970292806706; 78.5578119999617; -20.19773432056508; -239.34983724731484; 110.27346869292685; -38.51732575547878
4725.0; 117.18829852069888; 75.26031232013986; 214.6792713979071; 114.90256649404877; 41.92345541817699; 237.4205225014812; 437.65174424559825; 470.41531274975813; 298.56378571781454; 213.507253986545; 151.46347101714372; 250.8917229167608; -48.895040648552914; 63.70008980641638; -23.537940450927774; -30.76235506056476; 56.90705295303442; -6.133702964153678; -256.90600366883916; 128.14783181457992; -63.83879079785114; -79.43353120555751; 80.81934333687859; -12.822118496612154
4772.970773009196; 99.95063018528894; 55.48143725799729; 196.41580529456485; 120.70846517664894; 50.29040930494267; 237.27862919786375; 427.8412399985988; 452.5507035470745; 274.67287763736357; 222.46631007969614; 171.76292655151246; 251.09809138806918; -40.44990321653048; 55.44414553479377; -19.74740322360203; -34.678709253223694; 57.80917986585646; -7.038327915036205; -249.6691148028812; 125.90250126357012; -62.568104040455765; -86.95944449464662; 80.8326249856026; -13.109403354264769
4914.07417526435; 86.15955666707855; 40.78223387393872; 191.29224102859018; 136.0127906755897; 68.80778855225967; 240.0686135420717; 401.7507789533539; 404.3041318740666; 271.26596888780756; 247.31833113501904; 224.77584442483482; 252.50650058251398; -33.14107646810134; 48.65713901068786; -16.321970322923914; -44.49160361138469; 60.64182276396763; -8.947704535816927; -226.9836322026726; 119.8289005791117; -56.79905597726887; -108.24890493878864; 83.27637745955515; -16.080921856485585
5140.6468464581385; 74.71403195847446; 30.820859409154266; 186.18989987040618; 157.10443338997018; 90.5872972540778; 244.64017774836194; 363.2646796898755; 340.78218586553555; 267.6116282615062; 282.64874899808297; 294.9465517517379; 257.23555279617284; -26.931786403574492; 43.250994153009785; -13.078007291294854; -57.21602109517298; 65.02636684253078; -12.008631336712698; -196.02191160595814; 110.53735415525678; -48.310012490924734; -136.636619678546; 88.62367043727536; -20.48691911529992
5442.023980101521; 63.96169346486468; 23.150895381847583; 181.78103441491814; 179.64396464008817; 111.0731698393339; 245.89756262442467; 321.1019352285591; 275.01317680221484; 262.3508077423136; 322.3095581660481; 368.2287606156279; 258.0551889106536; -21.378544663039847; 38.2944317350484; -10.538399017440904; -69.68173957609582; 69.38948181223499; -14.988820917916781; -162.7530325800956; 100.72112722272544; -39.98670891167441; -167.72941488733295; 94.59445670771862; -25.98359586715133
5806.569555253773; 54.904642038300274; 17.388265893887276; 177.4619933563028; 201.88845613826504; 128.2042589807654; 249.90355166439403; 281.2256412051758; 216.55018982599785; 258.17200431130715; 360.2876506321932; 430.0217607710789; 261.3029720086491; -16.846369630502203; 33.985352740489795; -8.025074212699666; -81.24751126766472; 74.24812376787753; -17.97730201952077; -132.04329993977098; 91.71066926179353; -31.43291426484073; -194.69195683782291; 100.50914568324006; -30.401683060752834
6223.192508672699; 47.78302556194223; 13.288475411782946; 173.71422560274277; 219.17256361655652; 139.535614329587; 249.56574546771586; 249.27496520757165; 172.65489828013145; 253.9685024535786; 391.0938871459464; 476.83416326847566; 261.28191917639117; -13.427268675809046; 30.84439596154439; -6.2612876586054105; -89.38056234932245; 77.83922568882126; -19.961069248284975; -108.55400901492216; 84.45760319738007; -25.01632576088692; -217.11106419115305; 105.69944425275106; -34.72435320973234
6682.159082212874; 43.258861642128636; 10.951737452430722; 171.7572265282316; 229.44267893794583; 146.7096350255739; 251.239815501453; 228.3784122713576; 145.65449742780447; 251.8392191985524; 410.1308451423553; 504.38491672817526; 263.20891958403297; -11.337068012709638; 28.7540662633731; -5.196357216224279; -94.43499105794649; 79.51469204938081; -20.885322658881282; -93.7503463407284; 79.4890305618893; -20.961317932207333; -230.01856852798758; 108.45886937197261; -36.73524920671577
7175.348423595889; 41.789988759913065; 10.154716606185; 171.53491568730215; 233.42010317440554; 148.93341093833135; 251.53442334484387; 221.61496160485416; 136.61315459145766; 250.9474903496932; 416.87039980452613; 513.233828131841; 263.2361396182865; -10.677242948646262; 28.390662010995516; -4.9356414926050975; -96.31329886684547; 80.365533227706; -21.57977923766848; -88.9139081072135; 78.43142827217324; -19.798858077610817; -234.17893532105026; 109.54782291970751; -37.39476395440094
4050.0000000000005; 142.19167398141477; 100.24730386758539; 222.2338908634231; 120.10637615739891; 46.01889322161862; 237.09497449598203; 429.78365377518764; 504.4805008798912; 289.8548285950106; 206.20514329262616; 143.9522218180424; 251.70001974816842; -64.35969006713171; 75.76949972058921; -30.805101341641013; -33.2162707808693; 56.824304340632025; -6.058170194174647; -262.0063983641918; 127.189039765975; -63.93620541963536; -75.44822537882847; 78.92454145739597; -12.400321248770075
4105.864707951298; 122.22892359388133; 76.54771495057841; 213.81785968669467; 127.27417293577084; 57.52724414986998; 239.35890200257603; 418.9757159403488; 480.98102413412477; 298.3410477330957; 215.12993236667552; 164.5653117059878; 253.60434373392067; -54.12751792768685; 65.80710403733104; -26.038638530569333; -38.38855586592013; 59.751524473609436; -7.735324441551204; -252.14441085124545; 124.66301979659082; -61.908524733910895; -83.12994393061088; 81.06822308272008; -13.917705751992155
4269.074841227312; 104.42681573330972; 57.09118778938851; 203.37478223031786; 145.04262834057837; 82.70532574111942; 242.1297391193424; 391.0160005762107; 422.8257361348795; 284.1425912915236; 238.04797123697935; 218.5079644686234; 255.0025899851777; -44.266578267021345; 57.178692861695005; -21.493291521715786; -50.81108996702696; 62.79610729601561; -10.36809818553484; -227.09401084424715; 117.72087528628653; -55.35808497726619; -103.54193062115529; 81.97974834781864; -15.567393653155756
4528.037654437075; 88.68644664257008; 42.62242202636957; 195.4285682641162; 169.50788865053653; 111.6356683495938; 246.13657904721492; 351.4391731261911; 348.32708736113716; 273.95619351863155; 272.5769102438943; 287.7274290172252; 258.6839829413446; -35.30062675300474; 49.75896669307068; -17.100620249247026; -66.96440843591904; 67.62107942313227; -14.078358903159812; -193.18708533371068; 108.50896878768627; -46.62697472708556; -131.82151068386696; 86.96967741164133; -20.068012698540404
4867.494221876386; 74.3212770296126; 31.10535390278422; 187.79562600373734; 195.50473481352; 136.90325787797934; 247.35422063259048; 308.2385157637446; 274.7692806082648; 266.3766892049503; 308.69948536736774; 355.95991704772115; 258.68882252520314; -27.28719622664661; 43.12119932586954; -13.321548648155439; -82.19859449259965; 72.82238119550749; -17.756512752022342; -158.59697839787373; 98.17466567368402; -37.99712993181398; -160.14587987836754; 92.10842149787304; -25.02114624408789
5271.918531236993; 62.30705550047906; 22.48416035996441; 181.5815224018895; 218.95518031433932; 155.28452881012137; 250.6866196000869; 268.5966342122848; 212.00484733690024; 260.09418971457177; 344.1309056049734; 411.78576951196123; 260.508342401631; -20.8734264877913; 37.36659810798339; -10.021771895995535; -94.8927874000335; 77.8875089742395; -20.930876160118498; -127.48419386179917; 88.79963492212957; -29.743932487741503; -185.77704487120982; 97.60519962155222; -28.912146017774557
5727.564927611035; 53.19135016157916; 16.627540664878968; 176.7307093784897; 238.33759542162244; 167.3736444327566; 252.2139834782331; 237.67397774004274; 166.53409131320794; 255.01889786361477; 373.2243117227482; 452.61643107709256; 261.8285024417274; -16.171071753223927; 33.104126274846394; -7.645199801123378; -104.1660621016577; 81.76486236172346; -23.546407120540696; -103.7602774861763; 81.59378330109114; -23.60845726599423; -205.43272010625307; 102.37338607354073; -32.11124923400507
6223.192508672699; 47.68710134098858; 13.254522985393047; 174.5311677934048; 249.77910745386137; 173.39866481627115; 254.0895878887738; 217.3809365574655; 138.89792374882737; 252.46586413734263; 391.29813720960647; 476.45616891391654; 263.6832452320781; -13.383533622808507; 30.66368557687863; -6.216795549556586; -108.8412216470036; 84.10183356541255; -24.995733803134193; -88.72980027959181; 77.13104291863883; -19.691566621125332; -216.82765538860414; 105.04871089583598; -33.58937502416336
6750.0; 45.84275944679961; 12.188078018835153; 173.73520890521138; 254.11562055662864; 175.2797577952506; 254.98227940681872; 210.9325825412487; 129.52555572256543; 251.59849348993248; 398.2853382018091; 483.9357124895577; 263.8959901256236; -12.447207736234416; 30.144035417432356; -5.822886942088811; -110.68149498401444; 85.37231215586571; -25.64041525011171; -83.83414966588558; 76.17827536027688; -18.73764118561588; -221.0054741896505; 106.89883696869818; -35.467572107464164
3375.0000000000005; 192.33419694996925; 154.07960490208438; 251.3921684976556; 127.63531918429841; 53.223834630830346; 238.20910686066628; 413.8753181482227; 553.7211696505522; 286.40603509127425; 194.62523986540683; 132.71756336600342; 254.4609165283659; -95.45403024067947; 99.74806269855112; -44.876436041104775; -37.05360489781084; 58.345463767716865; -6.352741195512206; -264.70374397108674; 125.21902621786458; -63.192827324552596; -69.50861361129664; 76.87070181056012; -12.213661200720784
3441.8381716751305; 165.13972230723212; 121.77333999218425; 225.98137820363488; 137.4652771078837; 70.99286373812198; 240.4564654883479; 402.7307583212503; 522.635561359069; 270.3813589946933; 203.11752500359646; 153.79806303644088; 255.2693348112509; -81.19363934656769; 86.58696657725702; -38.744144178008284; -44.73421100282172; 61.80416663569595; -8.738027054875865; -254.0339520639365; 122.410237534157; -60.855838150548855; -77.05700531838148; 78.99879401294798; -13.888467852725343
3634.9862448157905; 138.68976033828932; 91.33543724392216; 215.51515714430596; 160.65384320047923; 109.88549392519104; 244.20893482621713; 372.1494788433709; 447.8295398668409; 268.01778423589246; 224.4816043559525; 207.97761962283494; 256.86509711386725; -66.08922635780004; 73.73590958768212; -31.46734690308063; -62.726728088592964; 67.63213897404079; -13.224524328945007; -225.4805281822818; 115.34433052822922; -53.9845011734156; -96.75019750606496; 80.68926689068726; -16.157702266875145
3935.8925290205784; 113.91407462691542; 65.8730603816219; 204.48859736533882; 191.31299699713256; 150.67041023232343; 249.0527463882354; 329.41360545993746; 354.2710375865023; 263.7884759235915; 255.64693376763705; 273.79228516210884; 261.172160967965; -50.87891285185649; 61.61908869631057; -24.34108303858374; -84.22623759386836; 73.43140308514322; -18.07380288129799; -186.50959705232268; 104.04606137011683; -43.795568161527996; -122.51458648175429; 83.94311999552725; -19.002230268109102
4322.108860267173; 92.17173043065905; 45.97100686101273; 194.70668046133545; 221.8227609238418; 181.96283365152652; 251.337543251053; 285.98065209892997; 268.63060658372825; 259.42387800318795; 288.41622864397624; 332.83877874817756; 259.9092614522946; -37.89633199768612; 51.191833879394764; -18.32013583284047; -103.32911773104078; 79.33826120236289; -22.66032829806325; -148.7108506942379; 94.37054052177986; -35.05006722308799; -147.4625453264514; 88.71244336104597; -22.864798473051028
4772.970773009197; 74.71288889249126; 31.76293365364088; 187.35903074507934; 248.63930113824244; 202.3936545167867; 255.40297167425322; 248.44738681804307; 201.8022668659384; 256.22598971299976; 320.1380363930085; 380.98189163474586; 262.02489154878947; -27.761624638261054; 43.09672441413211; -13.49001719592381; -117.8371264025105; 84.71749197351635; -26.849497099422337; -117.93512177142783; 85.20263933452593; -27.326285296201807; -169.96904948666133; 93.60972076336415; -26.188464250314897
5271.918531236993; 62.27611876354366; 22.475342317992997; 181.422120521521; 269.827296202767; 213.28735647424574; 257.8148367919654; 219.01045885908277; 154.42659012657623; 253.94674668533946; 345.0443355215292; 412.86402429421713; 263.73660446277825; -20.82072343855525; 37.57451892480322; -10.141482466605336; -127.9463307507212; 89.29399788602693; -30.133141267460534; -94.54689868071559; 78.04032844681915; -21.361394816103243; -186.26901730192895; 97.96628151754874; -29.32538809142665
5806.569555253773; 54.59472926959412; 17.275732772139477; 177.89018658591735; 281.5703679437598; 217.27505204457393; 259.1487340153585; 200.20010877398016; 127.0993611110949; 251.71728672452633; 359.7654760926947; 429.88426781113367; 264.07282965300243; -16.714471745493466; 34.054697165994185; -8.09346683443357; -132.54243129104165; 91.59803868259127; -31.44273848953307; -80.3762699521333; 73.75053974462396; -17.55076056456488; -194.9569096837991; 100.12277899170316; -30.4921291639033
6367.937264138208; 52.08000946494465; 15.662800809536913; 176.2781836555339; 285.95456158609517; 218.3222516570624; 258.9323218408442; 194.1067777633225; 118.24589526212971; 251.11215614819852; 364.9542584230521; 436.4958657874223; 263.7817319341988; -15.400618354635922; 33.01654194433025; -7.422051436730334; -134.05669096189067; 92.51852014993517; -32.20614045148157; -76.00289379296301; 72.28287488508487; -16.503263429025193; -198.2757794345233; 101.49487423279646; -31.36910201915581
2700.0; 285.04573469321895; 266.1070247133833; 290.0618062413534; 137.58229587134016; 63.58073475503426; 238.86172439254543; 393.6255739747226; 611.8813175861036; 284.0923353288142; 181.17320026686366; 118.68835310706575; 254.56874287965377; -154.1910318002906; 144.62257667014487; -71.49399843789635; -42.204174958804465; 60.26050892305771; -7.168589407449381; -264.06180645597755; 122.27634260354569; -61.120048046705364; -62.568641768719786; 73.53400624595227; -11.537160066216499
2783.096297291921; 242.78844542049796; 213.61993682108613; 258.1379205532098; 150.8843845002971; 93.97093249839307; 240.89747352733124; 379.08218293764736; 566.1477325840104; 266.5131874704208; 188.77798995367664; 140.84174155098103; 254.91063884711474; -131.21127555640965; 124.22266698650805; -61.343616201438536; -53.90772091464868; 63.98805012470768; -10.241310941785319; -249.14564584095277; 118.56685790819637; -57.707943569668416; -69.74004700209308; 75.205125044927; -13.06499100652173
3018.691769624716; 195.40730906189313; 155.59767207825487; 240.13782702864137; 182.41291439923583; 157.03882882579816; 247.0791654096274; 343.2124202120903; 462.093685639939; 269.8625237793228; 208.76877403336806; 193.4216041863396; 259.399487116346; -102.8531709569399; 100.73636331936375; -47.88513822396492; -80.79658982691896; 73.34886156777051; -17.459162965507318; -213.55365439744946; 110.26305838418743; -49.27453944215852; -87.64946087155074; 79.31255179850709; -16.206281226836314
3375.0; 153.2096977837245; 106.78256640816478; 222.283358664267; 220.56970861238855; 215.07797709176276; 251.66388552223182; 299.0577414588775; 347.8192477051148; 261.83874611633144; 234.34009061428708; 251.53797921532265; 259.764490854774; -75.90429558203185; 80.28380593993623; -35.83813440709741; -109.88001779428161; 80.75326187618383; -24.098970688218824; -171.87986296378583; 98.9249397024867; -39.31667583307056; -109.16279613330295; 81.29240210070695; -18.17491365617241
3818.3766184073565; 118.38238977844374; 70.39507174968958; 207.66297755498954; 256.8670444353573; 251.9024363995641; 255.3081889394378; 256.5320956717475; 251.24453926620313; 255.7483179620158; 263.4732959606024; 299.0180893176848; 257.97909303368266; -53.925890447524324; 64.06098911635723; -25.895573737355335; -133.64700184737845; 88.03723045181674; -30.568704503196567; -133.03580804440833; 88.44995671551874; -30.500165261686174; -130.42731571068842; 85.15706794308751; -20.540759783291563
4322.108860267173; 92.27429734479554; 45.94586375437133; 194.7517529802038; 287.2257913866812; 269.57971092730264; 259.7406009885421; 221.18467292030354; 181.27714376943487; 251.33622316678537; 288.4116750900722; 333.2040296191213; 257.8666425897707; -37.84423409964663; 51.383405499523604; -18.17646099944035; -149.4988903148502; 94.49412274348218; -34.960785493243186; -102.71436124177256; 79.71456863107846; -23.244147284944237; -147.4145754290746; 88.5246532257574; -22.626376760557626
4867.494221876386; 74.12147428801835; 30.979736442210434; 186.3478221194574; 307.9714266979546; 275.2936483756662; 260.6213760569226; 195.036518647335; 135.76418221289322; 247.1352370516001; 309.6701389319219; 355.8006176674267; 257.28590515582795; -27.18462637307964; 42.704821404371145; -13.145155874971463; -158.2575279458509; 97.85948999808338; -37.32822593178824; -81.78433650637842; 73.15918635653635; -17.99335525756824; -160.39742693151047; 92.74864014969381; -24.776978574208588
5442.023980101521; 63.6309476700072; 23.01415142176302; 180.95545006379197; 321.3056264031438; 274.670662414195; 261.85530485593836; 178.8739008297769; 110.28069396639198; 245.36982563580693; 322.69067696449247; 368.33970985565327; 256.9416633892315; -21.25297732466296; 38.12964254348774; -10.333318793656893; -162.90628668501947; 100.64335037678913; -39.68661661716525; -69.41725077783812; 69.18535047355364; -14.887497638413235; -167.63858165490532; 94.7956258200919; -25.546702893512073
6037.383539249432; 60.258760493485035; 20.561432972052614; 179.34901764808728; 325.71495806417477; 274.23391371242565; 262.0372898702522; 173.67297373918848; 102.33956961782181; 244.59423179493214; 327.5064228895619; 371.2564177455964; 257.08981142282056; -19.309705124197706; 36.46942483296521; -9.253792794046609; -163.98900715185215; 101.28986560424636; -39.90329117090569; -65.20433996648; 68.12135633949777; -13.943657546676285; -169.75954724898418; 95.2238944865284; -25.897779876253473
2025.0000000000002; 470.85030183432195; 511.0387683547592; 351.4361722686619; 148.19340468319064; 78.38366315733342; 240.53579111543513; 366.2755565045818; 655.3098983848844; 284.3210303722388; 167.86309510742657; 103.92722239422508; 251.2476826522505; -268.3663195091159; 232.83730535790136; -121.7720529147294; -48.43407279663313; 63.15933250189042; -8.033981513422516; -250.31535170861474; 117.00307558478632; -56.01597567795571; -55.16898118540267; 70.7922635483896; -11.652182675156844
2134.537420613656; 387.14040858699354; 404.584020932837; 314.37548265424414; 168.16350688423296; 134.1121490307122; 242.79700693414097; 345.6592020856267; 586.9646559306495; 261.782249115483; 174.7575160276156; 125.64516223059198; 252.4217416180741; -223.11132276234608; 192.72159083140275; -101.22748236828241; -67.55146746693705; 67.96640106686807; -12.673517420499671; -230.90394552126602; 112.36535330451079; -51.355849616617974; -61.25136226827183; 72.07841328800677; -12.395088345696818
2433.747110938193; 289.00905543621866; 274.5316183981988; 277.50283426632984; 212.39717870988568; 236.2518483707066; 251.7117775656513; 303.3491827557701; 445.0907306971245; 257.5202132403605; 191.01942841492462; 172.60942320333885; 257.074348957031; -163.62724981870485; 145.44333576870255; -74.59392627674629; -107.68315796479231; 80.9829399360601; -23.140960988557744; -188.59240183063406; 101.24980384662823; -41.65785536725118; -76.3419123121681; 75.27924157920509; -14.990370802775828
2863.7824638055176; 210.50434790351704; 173.97221680818396; 246.75638635031683; 258.62392203565963; 313.14838932988596; 256.61277896821076; 258.6445754905402; 311.90449086240517; 253.1024262544011; 212.86738226904444; 218.15955658232465; 257.5639452024456; -113.47475094927546; 107.99132834992645; -52.5697429876245; -145.41683089593468; 90.72745554848316; -32.59993687859613; -145.33383105700227; 90.34175051515666; -31.85120429915086; -93.79760755647568; 79.61955320903297; -17.081445886253935
3375.0; 153.05652730143885; 106.64146446568321; 222.11640951516728; 298.5715653787985; 348.9631426366236; 259.95024736142324; 220.83898896968878; 213.91856942093847; 249.38986702298126; 235.29049074629265; 251.30404007858496; 254.16553023184525; -75.87346086094533; 80.52709167459976; -35.96675283831002; -171.7108829368808; 98.51541209896924; -39.02769335799461; -109.73496073412807; 81.40797276618936; -24.203095709763495; -109.3818642620835; 81.62139867292856; -18.44242910836637
3935.8925290205784; 113.3306453297764; 65.59692577449809; 204.8925728981188; 329.29519731429673; 354.31879296877037; 263.56753997393884; 190.5300730777164; 149.95129677686427; 246.473886829901; 255.45296639807498; 273.15655630216133; 253.39739643550246; -50.581420833209954; 61.63262847234514; -24.28607754713011; -186.28479724871684; 104.67028670198845; -43.76928536850764; -83.56510907939685; 73.61152556009557; -18.230374614626996; -121.79855125944496; 83.60132823590419; -18.834887601127722
4528.037654437075; 87.96793259542197; 42.28364906805034; 192.80653331618794; 349.9189617834814; 348.68091570940254; 265.34386663299273; 169.12875073799083; 110.64706681833597; 243.51107852271554; 272.71423440516844; 287.99170508499685; 253.52018766429705; -34.97659039205941; 49.36946527217931; -16.90565501415878; -193.1968343707654; 107.43604572574412; -46.15715053240847; -66.20988370744429; 67.81883186740698; -14.111813117696407; -131.31486132383196; 86.8591024724839; -19.873925258338367
5140.6468464581385; 74.14617069094258; 30.58188405332448; 186.17558106832476; 363.269151639956; 340.2945494524657; 266.5913436507413; 156.18583676590197; 89.99260629122092; 241.90069077078698; 282.8767365048335; 295.18208146076444; 253.7428115095574; -26.625490287775037; 43.1708145433009; -13.110035377206794; -195.52443701625043; 110.41099132853248; -47.91900599511618; -56.5106373973278; 64.58234962608596; -11.744155885958161; -136.33943841491288; 88.33600451512935; -20.30940139650026
5767.202528089333; 69.7604622455971; 27.041159428201944; 184.79139108873366; 368.3024014059041; 336.6988672724413; 268.55158658267334; 152.19373831632265; 83.33694717938822; 241.75457011791727; 287.8016143962891; 297.7914939317429; 254.55054552779373; -24.122129304663694; 41.25650749859489; -11.876281042576544; -196.47957919129493; 111.34298838983493; -48.898747618812195; -53.517568653753344; 63.718603255260746; -11.138035209350749; -138.7529450289756; 89.54298209165279; -20.89934486811251
1350.0; 926.1728026143185; 1121.0489142146455; 506.5886591717446; 160.09008981867666; 102.01899049570528; 244.54197496126622; 330.9219210926694; 639.5144232802894; 282.00699646811387; 157.13792033551354; 89.93933021843063; 252.28142411861185; -525.6895132968007; 448.4018733022603; -234.58274010929713; -56.41591183212904; 66.08875205722723; -9.256155288237663; -217.71900775693956; 108.6109778269533; -46.71823668636259; -48.439479427186974; 67.98477263130373; -11.022736405147931
1509.345884812358; 697.0466785281309; 823.9294186881536; 426.86918244043653; 193.5837926593973; 208.7978099850042; 247.2462638097271; 302.40751959204397; 536.2168221509096; 255.30668156982074; 162.23091009855065; 108.83268322227923; 253.2315778558683; -403.8339486023678; 339.5930352897871; -181.66844175884015; -89.2314935535476; 74.08278023386023; -17.17482121806809; -191.42787828046588; 102.46349591502972; -41.56906861396083; -53.47231368160955; 69.02503900537964; -11.73374992596696
1909.1883092036783; 447.76587010563566; 488.484203132383; 337.86448677082547; 252.9808567567012; 365.4222932243479; 254.56594312210686; 253.50789876465802; 364.1475313986057; 251.50136661479024; 174.89768331886253; 144.04078011524118; 255.6716637295005; -262.7572222469544; 220.7325038833951; -118.64652775665058; -145.97120819901104; 90.50284371272073; -31.64369332625921; -145.7003404072717; 90.50962552311584; -31.070375544066344; -64.42060966507306; 71.99783315195893; -13.303626939601743
2433.747110938193; 289.23245805313127; 273.71547790689345; 278.55814503291447; 303.9847225013845; 446.21421005867563; 259.54637367824904; 212.69229201397172; 234.91524746224385; 248.1513425028855; 191.5019872828666; 172.64069833902528; 255.3719943569786; -163.755202890379; 145.68385091098307; -75.01989845990488; -189.11210424534838; 101.61298109233859; -41.69890757612227; -107.37761227254889; 81.03302372105469; -22.883694201494304; -76.51175704122294; 75.44918287229262; -14.53698472102765
3018.691769624716; 194.18029137469844; 154.98299995523996; 239.7752024438604; 341.0764948772959; 462.0832649965511; 263.74833906972214; 182.65167659008472; 156.224751327126; 245.4275561589336; 208.70299500976205; 193.14376997243227; 253.39850249382056; -102.11513269255359; 99.79013513061156; -47.257485537812194; -212.4340912514123; 108.2278262250748; -47.81464753504048; -80.55864509519823; 73.5113753363175; -17.29119837663183; -87.3960714339359; 79.04748470743357; -15.610556975171859
3634.9862448157905; 137.65624726437906; 90.55792619499096; 216.29033999030884; 370.25694696637123; 445.5021836226741; 267.5186131391652; 160.61612121993124; 109.38801641627988; 243.29242487297313; 225.14424418509884; 208.15892884955497; 251.7660178439163; -65.42662435875026; 73.25660065752042; -31.263514275638894; -223.77175723693355; 114.06407806808751; -52.30561043744462; -62.49524361878513; 67.85397804869804; -13.17329816303471; -96.53218036646282; 80.88778752865836; -16.072277968348025
4269.074841227312; 103.38823778221999; 56.70201770153438; 200.50641746231534; 389.288831169798; 421.2963525939277; 271.30989113567404; 145.1105329064256; 82.40348602549516; 240.46824706651452; 239.44210916293193; 218.3159671364888; 252.79239187629162; -43.85336072789297; 56.840626176779416; -21.235927736425616; -226.18070992982638; 117.50209288193173; -54.82858917035121; -50.75925406271197; 63.00458382568193; -10.182391271287374; -103.58412372241457; 82.5093799656132; -15.751727067399129
4914.07417526435; 85.454477462607; 40.52879340407182; 191.66860609312067; 401.3228984176199; 402.91653557015553; 271.5105105102762; 135.54167032210626; 68.55468046319312; 239.7825551165094; 247.97742528018432; 225.5964173052556; 251.55242606147806; -32.84127422974901; 48.26099933172106; -15.985779755553123; -226.3295886580163; 119.06577812709621; -55.73033895793366; -44.176490521432356; 60.500830840606454; -8.760316131328166; -108.11246634482418; 83.31929526924715; -15.72813208145743
5566.192594583842; 79.88617132824987; 35.62090317879708; 189.00266169384923; 404.90156697105783; 396.62297923874087; 273.0287636188871; 132.586627212517; 64.17667839816554; 238.5731694537599; 251.47762704448235; 227.19851751591585; 251.70793291454703; -29.456446926842183; 45.68299816173327; -14.527499636302398; -226.82377501888342; 119.97348329875744; -57.01114994563006; -42.111764160560895; 59.648624702118084; -8.354830041560376; -109.69817815732229; 84.21279424046624; -16.096785508769596
675.0; 2566.1933915533855; 3143.7712015136426; 1049.4319781914755; 176.33862696642922; 146.87050167509824; 243.51538936372543; 276.108673820012; 480.9563162975792; 263.05272134051756; 149.64157087670148; 78.52943611505664; 250.6299814528953; -1329.5355757178081; 1232.7138250885414; -593.078605114581; -68.44875205441512; 69.99676854221329; -11.983412829687301; -156.16027739876793; 94.07781322008161; -31.54641065725094; -43.670490509974975; 65.89895664017347; -10.581593512939131
954.5941546018391; 1452.2483452702563; 1802.4344467755777; 678.9752749402495; 235.6239585110988; 348.7435739786046; 249.29113623803156; 235.75962274433797; 347.4460562678926; 246.0772276578291; 153.4133396946498; 90.33879352304747; 250.46326533050882; -790.8769051276602; 694.5124377489889; -355.02970359268267; -124.10687260950583; 83.62384018758716; -24.664357784566803; -123.69488562009441; 84.12552734087421; -24.492475077451918; -46.635863920627514; 66.85115246349751; -11.022614065282513
1509.345884812358; 693.2359414114989; 821.3664517148552; 424.20151840632144; 301.8182701396205; 536.5000998383974; 258.54412740108165; 194.38406755535303; 207.70288293139376; 242.60973975629543; 161.94157054769852; 108.80180207532133; 252.47414183493413; -402.63207693971464; 337.06794697328723; -181.26988470349795; -191.80704278297188; 101.35049391078346; -40.73236477629707; -88.86693723260464; 74.11152381482417; -16.776677993895625; -53.209339892737624; 68.86312159232564; -11.596728071219427
2134.537420613656; 386.16717882046424; 400.1436345342881; 315.83500197129115; 346.03808321314415; 584.1248721631915; 264.0510859028625; 169.25219520718616; 133.50125784629506; 240.34831345096435; 174.91730912116776; 126.22514031942796; 253.81093008289722; -222.0620172298535; 192.26847371931774; -101.48316841532802; -230.92340833314668; 111.57939330050733; -51.19852926403744; -67.59458008579205; 67.80345917026591; -12.5177841050379; -61.70851430980096; 72.02397655341818; -12.534838863898838
2783.096297291921; 240.89307263989758; 212.07837833570184; 258.76929659373445; 377.7423767263677; 565.326730679304; 268.75927535246274; 151.03273514652378; 93.86470010073865; 239.2603353335251; 189.3201378024348; 141.93863434715945; 252.33901761462462; -130.30214250368337; 122.50137777811817; -60.36985229857897; -248.46025121727305; 117.87321919246656; -56.465772168816365; -53.68322391874246; 64.09070248533654; -9.908702384121671; -70.0859438772314; 75.20820262651723; -13.035963325479047
3441.8381716751305; 164.22801743809603; 120.60920413750557; 228.21749545648993; 401.66442950033365; 519.6896285703418; 272.8641237223777; 137.21919353818353; 70.957150372867; 239.21183320663224; 204.267016373098; 155.06266330837443; 252.55140706198802; -80.6725442034953; 86.22648200103701; -38.389953260884674; -252.83617588963054; 121.85617757183167; -59.72749309745419; -44.412017026941676; 61.32434086480099; -8.41380109442831; -77.5933158429178; 78.87809552082796; -13.692611036377077
4105.864707951298; 121.57295970429392; 75.889126864856; 209.1063900105249; 417.53316752503844; 478.9733465074803; 276.1054709959093; 127.10369974437747; 57.45248858262961; 239.07413690218783; 216.30549476872835; 165.79301409284386; 252.43409392632822; -53.74091954157902; 65.52066971577379; -25.99871989041012; -251.64287781379497; 124.21491105198554; -62.020419803909746; -38.140809311609345; 59.7607955524245; -7.580981651113559; -83.47807332804436; 81.08292549691365; -13.612513717493112
4772.970773009196; 99.33712127728249; 54.86417079696892; 199.95012277985902; 428.6447817754783; 449.539647112466; 278.131828408628; 120.8508564982167; 50.25940762670352; 237.93329279873308; 223.8367864607873; 173.1724230751519; 250.86708591043868; -40.00110696721694; 55.02818809613012; -19.466940994519348; -248.7726084838807; 125.73198236316384; -62.142938119140716; -34.56812409710787; 58.18821785712766; -6.959877707466864; -87.67386004766101; 81.03513682294229; -13.377092767191655
5442.023980101521; 92.30895520742057; 48.82103669244032; 197.12409741348196; 430.9923570371107; 439.5995131150396; 280.38596225049525; 118.75471383048189; 47.93068401348389; 237.85686156835092; 226.8097114310808; 175.95078019279146; 250.87421385160243; -35.91677273013837; 51.792860494444646; -17.536610416262015; -247.39872351789364; 125.76198373406633; -62.3372053086498; -33.29092893487217; 57.098209909575885; -6.514708613506645; -88.82100128308218; 81.08446257086139; -13.12945409291775
