0.0; 274904.24253995356; 448.9303756052819; 453.3779713395756; 3.7244357617785746
675.0; 83420.42301681163; 643.6643679979838; 421.68509665214947; 4.704024511204163
1350.0; 30872.43030629099; 739.0016454050915; 402.07029547164245; 7.619501452707348
2025.0000000000002; 15980.528294092275; 785.2294882884212; 389.39440648832164; 12.31715711902908
2700.0; 9884.675633494391; 777.1361820400763; 375.77423964115707; 18.74674248079321
3375.0000000000005; 6711.746196502985; 743.7342058786849; 360.44158316265845; 26.768696249106704
4050.0000000000005; 4890.515004159763; 774.6446657797018; 342.7349985386887; 35.909537158796496
4725.0; 3679.30554204493; 806.1358356846771; 327.3076907500219; 46.729596997577225
5400.0; 2858.4050198143077; 845.6967619023638; 307.77200083190303; 58.260981468427985
6075.0; 2294.187462905802; 877.2944999919282; 285.02621735881775; 69.79941265142621
6750.000000000001; 1860.984093228725; 896.9310311952537; 264.3339888768385; 82.19651470881927
7425.0; 1552.3282703231102; 920.5187858647755; 244.68892691490905; 95.45750161116894
8100.000000000001; 1314.466621803947; 937.4074893270711; 222.8894661568673; 108.18663078029724
8775.0; 1148.5006018335564; 945.4772826583574; 204.36830125774406; 122.78808518184175
9450.0; 1043.9252383380438; 948.9428686116439; 193.1487067048189; 147.14938800108666
10125.0; 981.0164214108355; 956.3181281484857; 212.6212215582983; 201.3132499708972
10800.0; 961.6877380183892; 963.0329821911043; 230.7470753770293; 231.69944361276112
675.0; 84548.36634198928; 410.7134552799905; 661.1490309955101; 4.67933563545418
954.5941546018391; 48015.069834623384; 525.1434020603947; 536.0255462540424; 5.979862857213481
1509.345884812358; 23627.855326730747; 638.9884641817939; 458.9690683765012; 9.182443813464817
2134.537420613656; 13405.206536843792; 696.964512578898; 422.7715722033699; 14.119688761690787
2783.096297291921; 8702.111345921316; 701.5370880415617; 395.5781468598911; 20.393100543013745
3441.8381716751305; 6055.858155900544; 667.8857891875059; 370.9357100587173; 28.15432351249368
4105.864707951298; 4460.087399724683; 706.8570034407734; 353.2710773534469; 37.68310281321316
4772.970773009196; 3403.7600838104518; 742.2236479252268; 335.6510923839773; 48.69943910534206
5442.023980101521; 2634.863635578597; 778.1027058037963; 311.54336338167695; 59.82663049537176
6112.384968242756; 2115.340887332885; 806.9010856545754; 291.08487119331187; 72.15806801050525
6783.666044256602; 1736.7868622818128; 832.374705074088; 269.3174363042202; 85.01436436647835
7455.618686601401; 1451.5766877264386; 857.95089735156; 245.90084677396283; 98.07889392441301
8128.0763406848; 1230.2358909144593; 871.5184418471557; 227.1039731666092; 115.04806187742635
8800.923247023577; 1074.7702367021063; 878.2577010743032; 216.3379792178078; 149.15742177407782
9474.076472142286; 978.2957734922749; 889.049120653845; 211.09371888392096; 181.18910695515154
10147.475055401714; 918.3844463836157; 898.4618314252826; 189.93221505251356; 181.8408394365317
10821.073190769943; 901.3992360349365; 902.0679050455398; 174.05334428465818; 173.56505267058682
1350.0; 30860.799910880633; 393.06171191833886; 747.0227897440775; 7.541738385488665
1509.345884812358; 23634.351211029; 446.60037110387935; 650.098429079094; 9.103805680091668
1909.1883092036783; 15544.606153257499; 536.6097331395773; 550.5888528893184; 12.890977656419699
2433.747110938193; 10370.666970910659; 610.3932708859126; 485.05131492306384; 18.257197362070507
3018.691769624716; 7232.587582007161; 618.3292828529861; 442.55026788412556; 24.778839927597772
3634.9862448157905; 5257.5919839187245; 600.782653563182; 409.9320371711833; 32.62378168319529
4269.074841227312; 3992.9820047365392; 646.2323014179424; 377.62187963802165; 42.28258772210699
4914.07417526435; 3100.9521380363876; 683.5925505674664; 352.0262530412555; 53.28715464231182
5566.192594583842; 2440.9047148465756; 722.013058692394; 323.8830504700916; 64.5932376803402
6223.192508672699; 1971.5927595348833; 760.2863131457408; 298.2770275045368; 77.48343341091912
6883.676343350261; 1627.7947472831415; 781.606730507866; 272.67746909516245; 91.34965768946925
7546.72942406179; 1362.4123414311737; 805.6162489733118; 250.04743925707191; 114.86182298215762
8211.729415902597; 1161.09851078293; 821.3080075625229; 232.60998967624792; 156.79968876189469
8878.238845626985; 1020.2193147254445; 835.9002883490626; 204.4578443515124; 170.51044135216415
9545.941546018392; 926.9742145056531; 850.9939192402804; 179.73806429788203; 168.2435251752991
10214.603516534551; 871.431201467608; 850.747705488157; 171.09418667261411; 168.77172195053313
10884.047960203043; 850.9093804118199; 848.8071569305182; 169.78224047972444; 169.57006875976592
2025.0000000000002; 16096.062389835639; 376.20166995410653; 801.6185286038223; 12.099695732931568
2134.537420613656; 13535.82294086303; 409.5620293425968; 714.6249624652279; 13.826334537817845
2433.747110938193; 10419.783786850749; 474.12077099947686; 624.968989149323; 18.189405692942092
2863.7824638055176; 7849.420503548437; 536.2296640725581; 549.6035568092468; 24.101933042689254
3375.0; 5929.0015813623295; 545.3559945491609; 495.41210001278085; 30.622259079739806
3935.8925290205784; 4514.446971505454; 544.5714590061204; 447.8971649508685; 38.445000490362766
4528.037654437075; 3518.554787370379; 588.4517673624161; 406.5618586686294; 48.45798861763392
5140.6468464581385; 2802.508284645078; 633.7881226422776; 369.83215217805616; 59.71299270593345
5767.202528089333; 2260.875549360344; 678.011921023905; 331.7357706567827; 71.18329756520797
6403.612261840968; 1838.6209240986148; 714.1924287026918; 287.3175576209119; 83.09513679789833
7047.206893514623; 1516.1222198488626; 738.1810198954018; 247.68103233989754; 113.751497734036
7696.184119419181; 1283.0093549501023; 770.5647851755414; 221.60381696539972; 153.46294150151505
8349.288891875764; 1107.080219329217; 785.7334574488185; 202.11217512845397; 167.12358626208453
9005.623243285276; 974.6047177359347; 797.5270890540569; 194.0834320502919; 175.09019881548622
9664.529217711539; 882.3097978620932; 801.5268241249967; 187.72778434751578; 180.32781270097402
10325.514515025388; 831.4235609054124; 812.0136834823942; 183.854806766536; 182.5317601764713
10988.203902367302; 816.2248736542822; 816.3177869816229; 183.40974740625055; 182.7444564514978
2700.0; 9939.126548473485; 364.23747702904546; 810.1886037090397; 18.296336477788856
2783.096297291921; 8741.443435620376; 384.74526245874995; 731.8593365518734; 20.036312054350933
3018.691769624716; 7332.463656335633; 433.4374447360748; 655.5981910978157; 24.70191134466576
3375.0; 5905.364529547525; 480.83717346540766; 574.1290993466206; 30.764830722735688
3818.3766184073565; 4765.757081209015; 477.93194894971555; 506.29293546038826; 35.948912577055424
4322.108860267173; 3801.108323871494; 486.7760514155822; 438.57339277174196; 42.47304022391419
4867.494221876386; 3059.0084291846097; 538.4276034512284; 380.3792540875869; 51.454439316070705
5442.023980101521; 2481.6150556830753; 581.2443034511771; 327.87925490121665; 60.709406878940136
6037.383539249432; 2035.367472466683; 626.402386176786; 284.9559418933133; 74.50394809371751
6647.979016212371; 1684.6895711359011; 670.750790441819; 262.5612323667274; 120.76402339012292
7269.972489631581; 1417.2531694926524; 703.122678354468; 248.41080450854935; 161.19980005798368
7900.672439735747; 1203.7864322766573; 725.4124902648698; 233.3931615643126; 176.6103395440866
8538.149682454625; 1033.02850905688; 742.2095582132195; 221.44525396564393; 187.49736023359768
9180.992593396424; 914.1936530254972; 757.9572334311629; 212.12787487970542; 193.00843033729583
9828.1483505287; 838.531991344657; 765.8625875411685; 206.5116532727192; 197.28852468984277
10478.817919975516; 794.2667585735171; 774.5593155669433; 202.29974993343308; 199.56819768546828
11132.385189167684; 777.697910601971; 775.2053805532765; 200.35887506587926; 200.12608419872473
3375.0000000000005; 6761.065533338037; 348.7683840526405; 756.1257049971617; 25.894004819402884
3441.8381716751305; 6147.181574096432; 364.3563153987571; 682.0650540764813; 27.589632413197393
3634.9862448157905; 5334.190876709387; 398.2991192275344; 615.4514587581483; 31.96755215251842
3935.8925290205784; 4553.598715654448; 432.8300285259585; 549.1375338391699; 37.45834261424784
4322.108860267173; 3821.5022832023906; 415.6955830064042; 492.3669166135847; 41.0446716142019
4772.970773009197; 3182.158627273493; 435.37848494066765; 442.6274016727139; 48.82420251457083
5271.918531236993; 2615.500507600533; 483.6474573351659; 392.0415741944288; 59.76701248375808
5806.569555253773; 2184.1467536908203; 531.1049391047421; 353.58370950164215; 78.14833562955691
6367.937264138208; 1812.7899089313016; 575.4055395334275; 324.0071221303083; 132.51057243248448
6949.550345166225; 1541.6167503281092; 626.9792514083988; 302.13142947833023; 171.48641596378621
7546.729424061791; 1298.0070219915613; 655.5573711648514; 280.89748221505454; 187.87507882570273
8156.056032176336; 1112.6374061635452; 684.4474235836674; 261.5154687806917; 198.9649045356912
8775.0; 968.6208676395147; 701.6429564603253; 246.36966488568638; 206.9514866838067
9401.662087099281; 869.1733080424074; 719.2801315416971; 235.65684187856604; 212.77784891312513
10034.596404439992; 793.2443698206715; 726.6529537194655; 226.69730393289962; 216.91561761395633
10672.68710306828; 751.8285275937073; 733.2640006150673; 220.92196743259828; 219.83147467709705
11315.061864612142; 737.6224010083647; 738.2232601201488; 220.9065192945633; 219.6236935273749
4050.0000000000005; 4920.806312672087; 333.4064729627677; 788.8963184870865; 35.11938941383316
4105.864707951298; 4494.052713086578; 344.68712065093587; 713.5714076783466; 36.9134196945674
4269.074841227312; 4003.08235599271; 366.25519174761416; 650.4487420294604; 41.18233335823141
4528.037654437075; 3527.290025713315; 392.7008184736295; 594.3182792640856; 47.33482666449027
4867.494221876386; 3063.185556764657; 361.6819944158346; 542.1320861005539; 49.687722926188876
5271.918531236993; 2635.6987597068305; 388.8038416824546; 488.9421464982594; 59.7329583488346
5727.564927611035; 2231.6679633361305; 435.7013639881526; 442.01824750633494; 79.743393298083
6223.192508672699; 1891.4715703236202; 484.74048574902116; 404.0246788197368; 139.35050777212848
6750.0; 1606.626799707561; 529.2651945897695; 366.95396714668425; 177.3047372745848
7301.2413328145785; 1366.6523041954035; 576.284882967844; 339.60601694554003; 195.78641414887642
7871.785058041157; 1179.5624903824112; 609.6134742046823; 313.48763662080256; 211.00682101750803
8457.725758145625; 1019.7684197666711; 632.8637623353561; 291.1342125150296; 221.13967170884698
9056.07530887415; 891.9470465404036; 655.0129491084675; 272.8501769809431; 228.10931288304104
9664.529217711539; 802.1652647290546; 670.8443645811569; 259.9611036190386; 234.88012175386265
10281.293692916277; 742.2780511736069; 684.3404231466304; 249.4764024307099; 238.84631175215702
10904.958734447371; 705.2370646439193; 692.8242478889106; 244.10262257495202; 241.8620259784466
11534.405056178666; 694.1276609777955; 692.2113850012231; 241.67343619777952; 241.79819191753506
4725.0; 3712.916680626797; 317.6195467454234; 817.5920880915132; 45.478684790813084
4772.970773009196; 3426.4094114986206; 325.0552213915844; 748.6436159227194; 47.22799470586552
4914.07417526435; 3084.1054550483786; 342.2194541230621; 686.7724447329844; 51.87772859661219
5140.6468464581385; 2808.9454203356154; 352.56854240201505; 635.2731456331451; 57.30616607755838
5442.023980101521; 2497.8788240953763; 315.206517267492; 588.3215562610358; 59.217057155811766
5806.569555253773; 2187.3433997211373; 348.05862316023894; 537.9310530852139; 77.50030128287497
6223.192508672699; 1892.9883341564603; 398.3193016028961; 490.22205170722; 137.71221339812845
6682.159082212874; 1641.22962303448; 445.311756542499; 447.0177177811458; 179.5439601402566
7175.348423595889; 1430.4332815123144; 488.17321292965477; 413.1633404645914; 200.3180942574178
7696.184119419181; 1225.020159730694; 530.8759874134905; 377.9377645579625; 217.96131465789838
8239.42504062025; 1064.9110793639095; 566.9448747726376; 347.2739654781763; 230.35942799770157
8800.923247023577; 930.9302202393628; 591.6931237422923; 323.45129837905864; 241.54156607376132
9377.399692878618; 827.3731787878949; 609.0274743080255; 301.82921546013785; 250.12989176525764
9966.255565657546; 748.3503310666102; 628.5190126127345; 286.3857264340371; 255.9037320766261
10565.421193686507; 690.9351412382689; 638.489210689962; 273.27576942051263; 260.59458965861705
11173.238116141623; 658.154196123883; 647.9928785628349; 266.8610000135813; 265.6038621672037
11788.368207686763; 646.6555833107761; 645.5605838213098; 263.95761820834565; 266.47441404863014
5400.0; 2878.2931252194726; 296.86508494398834; 855.6212584526343; 56.12593050263119
5442.023980101521; 2655.182489283961; 302.9496486941331; 787.5842627009597; 58.218483662645816
5566.192594583842; 2468.6553894215526; 315.9812864908521; 732.7312623727621; 63.309861655285815
5767.202528089333; 2262.329307043954; 310.9537904628516; 683.3939483133287; 67.60818866499301
6037.383539249432; 2051.9644086407334; 279.1605737231859; 631.0715367802965; 73.12715515128143
6367.937264138208; 1811.12627504696; 319.7761444332169; 580.1931797041395; 129.96949735213906
6750.0; 1613.5351273674576; 366.28845135949365; 535.5193936514523; 178.32363631012342
7175.348423595889; 1417.4563790464392; 409.2091483316148; 489.56641977313325; 200.49231926926623
7636.753236814713; 1241.2154475921388; 442.55296170435133; 445.76177867246827; 218.16056365111638
8128.076340684799; 1093.493993533577; 484.9358076566329; 413.7871899495666; 235.05400983404033
8644.217720534347; 957.5810761485286; 520.6289027227665; 380.1372362840108; 250.3567127086306
9180.992593396424; 845.8676616019378; 547.2620247712208; 351.331142412684; 261.8376958736293
9734.988443752773; 756.5655305371347; 567.2200092219482; 328.2829744909329; 269.7750595251448
10303.42782766978; 694.6576866840998; 584.7913616054622; 311.91239534467474; 278.12054186071725
10884.047960203043; 640.7640056469; 594.5551881658903; 299.1763880475151; 284.5430778454724
11475.0; 613.9456037643205; 602.4775683983144; 292.73268795334303; 287.4619825375615
12074.767078498864; 603.8238444822833; 602.0729256836266; 287.69358152585335; 287.6826528798178
6075.0; 2302.1939658459837; 280.5172479617362; 887.6516805905293; 68.59499126168072
6112.384968242756; 2131.3537673479764; 282.3039091876493; 815.8678811753753; 70.10012872102233
6223.192508672699; 1976.769876338291; 289.43822786886676; 765.0571133355942; 75.14794797672336
6403.612261840968; 1850.957186209663; 267.53399654791986; 721.2910135857028; 78.2079617532925
6647.979016212371; 1700.7345523127403; 256.6626666492871; 675.5685817601627; 116.20294770887634
6949.550345166225; 1532.7401117270115; 297.45906975330496; 631.5667830696033; 169.44385303353533
7301.2413328145785; 1378.6845586610232; 337.15637893480994; 579.9264837994522; 195.7575029887575
7696.184119419181; 1223.1875397328665; 373.54003979587674; 532.5710961928556; 217.14696706515167
8128.076340684799; 1087.3342845731672; 409.1703772897909; 486.3890561971706; 234.6708352784853
8591.347391416552; 967.2777137868129; 442.65313023306675; 446.3246570839153; 251.24753573645228
9081.196231774755; 854.7815415485875; 478.3385919738289; 408.64487565167764; 266.35218821768166
9593.55252239753; 767.6113223530567; 508.2516313735553; 379.72396713144167; 279.69058798444314
10125.0; 689.8991986928977; 525.8804622305103; 354.41047341485836; 290.61585662601436
10672.68710306828; 635.0810013701843; 542.368236063739; 337.9020726630413; 299.44137666937786
11234.238959537935; 593.8100471926862; 552.4373256129145; 321.2146052223255; 306.5564354477903
11807.677587061733; 570.7266482750028; 558.9703241255382; 313.54559050387604; 309.3415471936147
12391.352831712928; 560.7761076181847; 562.9453362463796; 310.600500275623; 310.4097899821898
6750.000000000001; 1879.8210434638181; 256.6910192994458; 908.2607057135795; 79.86149833021193
6783.666044256602; 1751.2882045470162; 261.88894027884913; 841.516591147085; 82.66070901609099
6883.676343350261; 1640.3082031678814; 261.8020855302239; 793.6668791870469; 87.53447123841434
7047.206893514623; 1538.7815993382899; 229.0652412311333; 748.7312222887166; 105.09055302520564
7269.972489631581; 1417.7573032750288; 244.2903011844341; 705.1719097649006; 157.82681917880706
7546.729424061791; 1306.9998176975992; 277.0289082120666; 659.9376374423862; 186.69194911000636
7871.785058041157; 1181.5323143697833; 312.2017056424003; 614.2521129099862; 209.82312317608987
8239.42504062025; 1066.1735387748308; 344.3759133950805; 571.1654416941315; 229.97855884778224
8644.217720534347; 963.157074598469; 376.642927252696; 523.8163187132002; 250.20631543139763
9081.196231774755; 855.7442600992471; 408.32577154868244; 481.87867069002226; 266.2193944549156
9545.941546018394; 767.1921914292532; 439.63614546538867; 441.90639229691243; 284.01904460578294
10034.596404439992; 697.9046082346078; 468.42352375782815; 408.1688685082464; 298.8533006997525
10543.837062473985; 633.115076553203; 488.6121745531854; 381.765299991427; 310.93563382638814
11070.82314012829; 584.2046391583477; 504.09616056136235; 357.24541203457983; 319.6290018513332
11613.139110507545; 550.0752648935496; 513.514807460393; 342.8871103508659; 325.45824243947004
12168.735554690964; 531.391082020854; 521.7888475487297; 335.8430552113963; 331.414444575276
12735.874528276416; 524.3555004982686; 522.7331352932542; 331.5187926975742; 330.0438824943964
7425.0; 1571.997377743698; 238.0007752631106; 930.6252066778407; 92.70742095387058
7455.618686601401; 1458.0356842235349; 238.48645742055092; 857.286166389206; 94.63833723381086
7546.72942406179; 1379.9192650113093; 235.73226033672742; 814.4968161877498; 107.03441813000762
7696.184119419181; 1289.74462417654; 209.42588827426013; 771.9365656665011; 145.16396766906783
7900.672439735747; 1206.794356794937; 230.73705871957236; 731.8399909382208; 174.55896396234465
8156.056032176336; 1123.1468087624844; 259.2457170691654; 690.0162385088578; 197.46116403193145
8457.725758145625; 1023.15739359647; 289.02595277012955; 638.9096001370693; 219.1254601463905
8800.923247023577; 939.4553510537783; 320.63825661625305; 597.4925753442639; 240.22783735966368
9180.992593396424; 849.3678978539532; 351.29962232337846; 551.4991870450987; 260.80551834412574
9593.55252239753; 766.6785701264088; 377.6629471541224; 507.16025481134176; 279.4484573799486
10034.596404439992; 697.3251723515614; 406.3435913145318; 469.849297771455; 299.42290240268
10500.53570062023; 634.1095834035065; 433.06247039617546; 435.60367263595487; 316.0407743684884
10988.203902367302; 582.9728929515178; 452.4895581947821; 404.0981887853209; 326.16763035819866
11494.835797000322; 542.0561600123664; 469.4544407487924; 380.6460831310448; 336.42511421425314
12018.033324966278; 509.48244000899876; 477.72869379115053; 362.2474769094839; 340.6413225369198
12555.725785473334; 493.9339845404273; 485.03589529949403; 352.92086817264163; 347.1017540032298
13106.12929128963; 485.8857792983303; 485.5066137033012; 349.0913517176602; 347.64450981622235
8100.000000000001; 1329.7229556035945; 217.16046318164797; 944.4229520867694; 105.13791416071223
8128.0763406848; 1249.9572281905962; 217.48819262094074; 880.0797014121584; 108.77584213754761
8211.729415902597; 1174.2797446679485; 213.32503728378947; 832.0306042854033; 142.70444815067555
8349.288891875764; 1107.563386970417; 196.74992174771438; 792.162546442997; 162.030173648955
8538.149682454625; 1055.7465790569086; 217.86652170796762; 752.1356099727142; 183.80137459742124
8775.0; 977.6059460233887; 243.92716285800842; 706.8269701878263; 204.35041889857297
9056.07530887415; 903.8732958139404; 271.57226315778996; 662.1954843438515; 226.8162956744242
9377.399692878618; 829.8489283737593; 298.68054590786903; 617.2090206108242; 248.53576203078748
9734.988443752773; 763.2630856750777; 327.6802237016545; 573.5707023308623; 269.51609059940546
10125.0; 696.9774516286823; 354.3475409477732; 527.4559812799381; 289.5963113418295
10543.837062473985; 636.3953751567869; 379.3849883861133; 488.49864455497345; 308.44152012733207
10988.203902367302; 580.5173948739027; 403.2375477295387; 454.1444737050775; 328.05750408745615
11455.12985522207; 542.9687741223518; 424.5136152882531; 427.48739407181273; 344.1601556830506
11941.96905874404; 504.32391455213224; 438.75437299024725; 401.86527504282844; 354.14810140134233
12446.385017345398; 477.56998482038; 448.5800661752689; 380.7885156900104; 360.5605688709096
12966.326580801519; 462.19467860811693; 455.5802502571236; 370.00589826292156; 364.37598245599526
13500.0; 456.74528116813593; 456.4962529625468; 364.3839610234892; 364.74925684099185
8775.0; 1168.3188931867744; 197.17167059559895; 957.1156204529633; 118.02468876200689
8800.923247023577; 1089.8850186337747; 205.5495777827088; 889.054958262688; 137.68787064461574
8878.238845626985; 1028.7600693430668; 188.40517565766763; 836.588412983276; 158.93268258345987
9005.623243285276; 988.2130944249672; 187.8383530593179; 805.8037790585643; 169.90210309464422
9180.992593396424; 929.2905530808101; 209.7355538275312; 767.1684725908519; 189.6364880051417
9401.662087099281; 869.4933080715986; 232.70598552502685; 725.1553238721058; 210.54659976406802
9664.529217711539; 814.134256798391; 258.3261228924256; 677.8059737722626; 233.72017192741254
9966.255565657546; 753.4067792792134; 284.4171934590681; 628.3517221381254; 254.67259172344038
10303.42782766978; 698.6905247957052; 311.2194519820493; 587.9877578237057; 277.7426889530039
10672.68710306828; 639.1739502471162; 334.7084192827955; 545.572081344525; 299.0888218201452
11070.82314012829; 585.5562526047951; 356.39560325094794; 503.4678956636282; 317.0563042790904
11494.835797000322; 540.7182390817089; 378.99276824663355; 469.6767952813926; 336.3994167841193
11941.96905874404; 503.85193598719445; 400.63748200586366; 440.1730171947624; 353.52705510907225
12409.724009823909; 474.80646447471014; 416.42026316474306; 415.59108642253614; 367.75745336588176
12895.85689281639; 449.8803288670515; 425.9354574441678; 397.00683467528097; 375.22536712994804
13398.367437863466; 435.5554339788278; 429.98682054589585; 384.78754711636776; 378.08250663418556
13915.481486459605; 432.14084215911777; 433.43225838405067; 380.8740996282927; 379.0043059974819
9450.0; 1060.2250761609607; 182.31201818946857; 964.6495867234053; 136.87543056292586
9474.076472142286; 983.6281990994742; 195.630990892196; 896.8808367222418; 167.00856624689038
9545.941546018392; 936.6107163602347; 170.74594152929663; 852.426372521672; 160.05925917705773
9664.529217711539; 889.2399566530762; 183.42729229647622; 815.7368740815633; 174.92224714870702
9828.1483505287; 849.0439338133251; 201.58483334928496; 776.839312234215; 193.59328709748618
10034.596404439992; 797.0750896260731; 224.08454648679302; 734.2628232025346; 215.0070351052326
10281.293692916277; 748.2282505691676; 248.5858715811653; 686.716893411648; 237.26764317304492
10565.421193686507; 699.0195109773713; 272.7828898169251; 644.6541218586946; 260.2667933851802
10884.047960203043; 648.5758777963463; 297.50204234916464; 598.7676733173853; 281.6084316145128
11234.238959537935; 598.3182977911805; 321.1891899584501; 555.4580825834481; 305.34754807554384
11613.139110507545; 555.0297039486712; 343.64873249362313; 515.6425280646051; 324.84613704772545
12018.033324966278; 512.4309392307209; 361.19012514688296; 479.245769267285; 342.7841752548465
12446.385017345398; 477.88303337165996; 380.4243391918406; 449.22696713710764; 360.91155600832747
12895.85689281639; 453.2232530674015; 397.5958641631795; 425.7769389592023; 377.1065741075623
13364.318164425747; 432.24268543672525; 409.3585964569588; 407.60918828534096; 384.84993024703465
13849.842056861155; 421.2229544014813; 414.52405551241503; 397.07973560747786; 390.6542635016033
14350.696847191777; 416.0006848561983; 415.93576531410434; 394.8292691982166; 393.78093541314706
10125.0; 990.5022432322517; 194.06448187463536; 968.7612963438963; 179.89114310874663
10147.475055401714; 931.0320991319321; 174.94214962820527; 908.5323300133732; 167.28130433697697
10214.603516534551; 880.9348247630855; 163.74593560701015; 863.3512806484254; 163.33512108726063
10325.514515025388; 841.415073547539; 180.2361510653392; 822.2391613260528; 177.92661475670974
10478.817919975516; 799.6597206172476; 197.95936692699823; 783.6548258768854; 196.46593698952515
10672.68710306828; 755.2012541045667; 218.87516094120357; 738.949882935584; 216.14980255546038
10904.958734447371; 708.199617169168; 243.9975290615252; 699.6633698409738; 240.06211496015683
11173.238116141623; 663.9485755398883; 265.44777777893484; 654.3866771885796; 263.3674947686215
11475.0; 619.4272261457103; 288.53665667451986; 608.0314736314112; 285.92538451276334
11807.677587061733; 577.2270019751122; 312.1494228716898; 561.578792583713; 308.55252678756347
12168.735554690964; 533.1950787174408; 333.31663264991823; 523.4826778060446; 328.6566612713354
12555.725785473334; 495.23229216515114; 352.83310415518866; 486.41297860101923; 347.65187673822976
12966.326580801519; 462.79902452742465; 368.5130888501998; 456.3459322508846; 364.13900138814057
13398.367437863466; 437.7473393407943; 384.8213915604254; 430.7681789825753; 377.1239563131301
13849.842056861155; 420.8745745782828; 397.33567240174784; 414.6672247598779; 390.82014967235034
14318.912319027588; 410.3048189097768; 405.06621737903004; 407.00574193524756; 398.1545337004197
14803.905734636384; 406.6853705021049; 408.2797241909674; 401.5612861084937; 402.64140140542975
10800.0; 978.6071809986621; 209.54441877544258; 978.1578521865587; 209.78669668734372
10821.073190769943; 907.7761690978816; 160.9528194990772; 907.4163610038748; 161.36009596773442
10884.047960203043; 857.6310670432554; 163.46198369982034; 859.2808828712145; 163.52495388074027
10988.203902367302; 823.016855521055; 178.74032920497015; 823.6914040518516; 178.62878239230778
11132.385189167684; 787.182127234737; 197.42775737117242; 790.3958811456685; 197.90558058927923
11315.061864612142; 743.739911735709; 218.0392182163759; 745.7478832544339; 218.81257753040424
11534.405056178666; 693.9074355034529; 240.05891625483665; 698.7917139859262; 241.18290710735414
11788.368207686763; 655.1767172384076; 264.37556044054094; 654.8317136318005; 263.69369631976866
12074.767078498864; 608.718154462069; 285.62240256359996; 608.4312298080982; 286.8953072154577
12391.352831712928; 561.994602748947; 308.95829240189613; 563.210194507628; 309.415857844789
12735.874528276416; 525.6940157840502; 331.8477073809411; 523.4901049419034; 330.95712769299325
13106.12929128963; 489.9246711330585; 349.341550526982; 491.17080324926826; 348.69719188610287
13500.0; 457.2266389197005; 365.42694417999485; 459.2328240637467; 367.93408569200017
13915.481486459605; 431.8858581034073; 379.06494343484576; 433.5942206223342; 379.6845435416431
14350.696847191777; 417.9017672134792; 394.4241130295222; 416.4361665973823; 393.48410618807026
14803.905734636384; 408.9266924135308; 402.0279050919373; 407.6406995377049; 401.65435325797625
15273.506473629426; 403.74365823468736; 404.423437491029; 403.81799105438193; 403.97982242621623
10125.0; 990.5022432322515; 194.06448187463533; 968.7612963438962; 179.8911431087466
10147.475055401714; 924.7533411937842; 174.852328773431; 910.0663495797208; 167.8612969535047
10214.603516534551; 882.802165011674; 164.403973608275; 863.5012103720837; 162.82813454131772
10325.514515025388; 838.7481711379187; 180.0284223066348; 822.5078510944999; 177.64944880057894
10478.817919975516; 802.1060063364309; 198.15614064656887; 786.6484792055395; 195.96987692213966
10672.68710306828; 758.10939111487; 218.74027424503655; 741.6370756987028; 217.37138555269084
10904.958734447371; 707.7384820916315; 241.4860085894606; 692.7951887199794; 239.41177490994428
11173.238116141623; 666.5662944845672; 267.96915999740366; 650.1257518964771; 263.634748030388
11475.0; 620.0927412196476; 291.64446917107745; 607.2530041537685; 287.3142092545648
11807.677587061733; 572.9970045549528; 312.52645203430365; 562.0731081598458; 308.15789747135005
12168.735554690964; 533.8504292296827; 335.08277563643514; 522.5207671298077; 328.2974979168668
12555.725785473334; 494.11122793828196; 353.03054176855625; 485.58278416205076; 346.9866897369673
12966.326580801519; 462.96604294900766; 369.23739936793544; 455.2290120701166; 364.5007686346346
13398.367437863466; 438.0691697366857; 384.9208867572475; 433.29784658622845; 377.8931544970466
13849.842056861155; 421.03668183028685; 395.52477451709956; 412.85198689033786; 389.35400938809113
14318.912319027588; 412.78555402218603; 405.2560034141313; 406.82799881111225; 400.0802122998876
14803.905734636384; 406.68537050210483; 408.27972419096733; 401.5612861084937; 402.64140140542975
9450.0; 1060.2250761609607; 182.31201818946857; 964.6495867234053; 136.87543056292586
9474.076472142286; 983.3471776994451; 195.7874864169733; 899.1369461944233; 167.04801467260174
9545.941546018392; 933.5461345923006; 171.39994807425558; 849.4199486478175; 161.12822979218714
9664.529217711539; 894.2863870083864; 182.97646062111798; 812.1983415624064; 176.04075881052674
9828.1483505287; 850.1779058837168; 202.5188574716729; 774.8314325749269; 193.99113413083882
10034.596404439992; 803.5380321314536; 224.53397101338928; 738.683886068219; 214.43673340330284
10281.293692916277; 750.6046559979787; 247.05126216866924; 691.6376460562441; 235.9446803083841
10565.421193686507; 695.4250700602927; 272.33182831012533; 642.4753604276464; 259.6439242636306
10884.047960203043; 645.6568181668507; 295.70028378864987; 598.1819381547936; 282.74863018962907
11234.238959537935; 596.9488104739636; 321.19432641094755; 558.7916426685912; 304.736612246829
11613.139110507545; 552.9767731349876; 343.292654496328; 517.9176765571195; 326.8677836178453
12018.033324966278; 511.47314781224287; 363.1130496507538; 478.47166124740335; 344.4280375943709
12446.385017345398; 479.74932045967927; 380.3924988558375; 450.6220275287806; 361.76470878977244
12895.85689281639; 453.81719940316896; 398.53307943846636; 427.6213925220897; 375.1217436449888
13364.318164425747; 432.1369347452439; 407.5326383895947; 409.5214662159457; 384.2696112454279
13849.842056861155; 420.32644362442977; 412.35777639401783; 396.5283056896373; 389.8674444647355
14350.696847191777; 416.0006848561983; 415.93576531410434; 394.8292691982166; 393.78093541314706
8775.0; 1168.3188931867742; 197.17167059559895; 957.1156204529633; 118.02468876200689
8800.923247023577; 1094.492489577606; 205.27690662176875; 893.246480634777; 137.72650430636384
8878.238845626985; 1033.47655277801; 188.95407848833892; 848.3554394183534; 159.21923229535992
9005.623243285276; 981.9084299858287; 188.26437576600526; 803.1567985437092; 169.82921203419227
9180.992593396424; 924.7207140530148; 209.0577256766987; 761.2827127594362; 190.28687477244222
9401.662087099281; 871.6047069765139; 232.19820210355644; 722.3482831851339; 211.08560012585696
9664.529217711539; 806.4847668072781; 257.7615627142016; 677.1980663326967; 232.65113691906188
9966.255565657546; 751.9267218288949; 284.416095159067; 633.0749485526505; 254.62515574446064
10303.42782766978; 694.4638826073231; 311.8476392051928; 587.3897946534946; 279.56636523096176
10672.68710306828; 642.7555139382287; 335.3910946947937; 547.3608636035032; 299.6490049447076
11070.82314012829; 589.0434706798429; 356.96521789891193; 506.6016964622357; 317.552741998675
11494.835797000322; 541.5784157882603; 378.2364852549458; 470.01716782207137; 336.65973997375943
11941.96905874404; 507.28485108325435; 401.396789979315; 442.86644842239986; 355.2484579396637
12409.724009823909; 476.80057459199; 415.4483346170805; 417.266331277036; 365.7863424430734
12895.85689281639; 453.26894571155043; 426.39954030208037; 400.47239565470676; 375.2088322123371
13398.367437863466; 438.9718438470892; 432.92095348440284; 385.457845083744; 381.991869597046
13915.481486459605; 432.14084215911777; 433.4322583840507; 380.87409962829264; 379.0043059974819
8100.000000000001; 1329.7229556035945; 217.16046318164797; 944.4229520867694; 105.13791416071223
8128.0763406848; 1241.7469805280314; 216.80386803154914; 880.283942582638; 108.78664363699474
8211.729415902597; 1181.6626592853968; 213.27999875343505; 834.7326353595881; 143.34416443322002
8349.288891875764; 1112.0012044220323; 196.34653873553052; 791.5651421188896; 162.01971610770036
8538.149682454625; 1044.2270200876983; 217.56719992771193; 750.0945752797206; 184.0324941596947
8775.0; 977.0012021523476; 243.6838378193287; 707.2326376393623; 205.44588137418535
9056.07530887415; 905.866203128237; 271.9011571281108; 661.2684458166633; 228.26266426139705
9377.399692878618; 830.7666480020011; 300.14358563096164; 614.5856394457835; 247.15332449274663
9734.988443752773; 759.7167215258177; 327.6450095361089; 570.6704880854046; 269.2520013686617
10125.0; 692.1360337435696; 354.89097494073434; 526.1252904925418; 289.6032185070841
10543.837062473985; 633.6901498811992; 379.69831391050434; 489.10839259341685; 309.21764410916813
10988.203902367302; 581.7132737227176; 401.7967038787437; 454.40006249728634; 326.33268985185583
11455.12985522207; 537.8190577234868; 424.87111441965436; 428.29641214938454; 343.1059820853953
11941.96905874404; 503.74974600784657; 439.4577571282529; 399.95342619810833; 354.97067326564587
12446.385017345398; 477.27459736864137; 447.96716674517387; 380.23743230958183; 360.09951988566513
12966.326580801519; 460.9756826082017; 453.16477541512444; 369.07667331679875; 362.80639235719957
13500.0; 456.74528116813593; 456.4962529625468; 364.3839610234892; 364.74925684099185
7425.0; 1571.997377743698; 238.00077526311054; 930.6252066778405; 92.7074209538706
7455.618686601401; 1455.1743763405382; 239.05940160183073; 863.7477093094737; 94.97096296193169
7546.72942406179; 1368.4307583487575; 237.10767720372817; 811.6051875716636; 107.68137856672645
7696.184119419181; 1297.7071484631813; 209.22168373258341; 776.9888466525614; 145.70867017619216
7900.672439735747; 1214.656959796755; 230.1599942897497; 732.446323847978; 175.09845905225467
8156.056032176336; 1120.947717437951; 258.06137880752834; 688.7938287517175; 197.51965305241114
8457.725758145625; 1025.7834049876521; 288.6521010100565; 641.45350021215; 218.87392161139317
8800.923247023577; 942.8517286623214; 322.00865611208485; 598.3240700765834; 240.45994787512447
9180.992593396424; 847.9912653050709; 350.38142805746185; 549.04943581031; 260.068151510818
9593.55252239753; 764.6264314743105; 377.31415246072345; 506.29332115248025; 279.51595050586775
10034.596404439992; 696.0840594917374; 406.1644929916831; 469.4567621522171; 298.7732983756605
10500.53570062023; 636.0172301758389; 432.63657204450084; 437.50042045094386; 315.3783577260787
10988.203902367302; 581.0007082731814; 455.3976458614581; 402.6133414985616; 326.2521595068798
11494.835797000322; 543.1125060683443; 469.1801349317636; 377.3975239145909; 336.3669703348674
12018.033324966278; 508.13549254571944; 475.5278882373081; 361.1958037656032; 341.35476090300796
12555.725785473334; 491.83159696605884; 484.541716683597; 353.6554342182281; 349.0690750265093
13106.12929128963; 485.88577929833053; 485.5066137033011; 349.0913517176603; 347.64450981622235
6750.000000000001; 1879.8210434638181; 256.6910192994458; 908.2607057135795; 79.86149833021193
6783.666044256602; 1750.0016714725325; 260.0024750163157; 841.405298816247; 82.18228991818985
6883.676343350261; 1636.4323992511233; 261.5886134686565; 793.0713385999707; 87.2864860733011
7047.206893514623; 1538.344871282964; 229.76266204265923; 750.5579971827489; 105.01011136575984
7269.972489631581; 1423.6694701121885; 243.5084262231619; 705.8359766869916; 157.68220391121972
7546.729424061791; 1309.3505367831106; 276.91494797363856; 659.9165390241541; 186.40366428489696
7871.785058041157; 1186.9428750903917; 311.80371687945114; 615.7249043954013; 208.95048115449106
8239.42504062025; 1071.1357948316838; 346.6646520897464; 569.5183966577721; 230.45454871020783
8644.217720534347; 957.3960808208043; 376.8853856618073; 525.810582287988; 248.42899726045172
9081.196231774755; 857.848231400775; 407.5008263008439; 483.9783539600099; 266.406718863108
9545.941546018394; 773.8254730719053; 441.3156838677627; 443.22761113674; 284.74138310609123
10034.596404439992; 695.0455430758788; 467.5686747749295; 407.53515353814976; 298.6507572729594
10543.837062473985; 636.231276593833; 486.37122983458914; 378.91263133827; 309.59682016867436
11070.82314012829; 589.0906528200336; 506.4274964288451; 359.93174760694893; 318.9115641269863
11613.139110507545; 552.1879938044033; 514.5730726104024; 344.2917960590237; 325.4279551453288
12168.735554690964; 530.3398545774836; 521.330792435657; 333.8026361103348; 331.3328731654045
12735.874528276416; 524.3555004982686; 522.7331352932542; 331.5187926975742; 330.0438824943964
6075.0; 2302.1939658459846; 280.5172479617362; 887.6516805905294; 68.59499126168072
6112.384968242756; 2143.283841617409; 284.3794144046604; 820.8419802854763; 70.64473085376922
6223.192508672699; 1988.624465896823; 290.1711900336857; 765.0839661300452; 75.39824843814924
6403.612261840968; 1838.2738343961544; 265.7896647873786; 720.4870511207031; 77.79242075179597
6647.979016212371; 1687.6984536094603; 257.72781301069693; 676.1551413979681; 116.49367199427455
6949.550345166225; 1535.0565639195647; 299.1067686143992; 628.1449149589358; 170.05942444828204
7301.2413328145785; 1380.1416913270634; 337.41012401778124; 581.1522882556258; 197.6283778291382
7696.184119419181; 1228.2675542176837; 375.2172967702093; 533.4730479076483; 217.29564088976193
8128.076340684799; 1085.0367967159116; 407.93175238576396; 487.5065972355721; 235.3122019153689
8591.347391416552; 965.7618614485862; 441.94697520391173; 444.636184200902; 250.01828999669578
9081.196231774755; 858.4020757817527; 478.34022140493107; 410.67596436649063; 266.59287331561404
9593.55252239753; 766.7320470161908; 503.85358383625544; 379.43682571834364; 280.57661438031465
10125.0; 692.636477672011; 525.8056048613552; 356.0332347243395; 291.46938259332364
10672.68710306828; 633.6354777903445; 541.6853352165496; 335.346892430132; 299.11262033313545
11234.238959537935; 598.4987742242049; 554.0473661489741; 322.018933201087; 305.18961995930204
11807.677587061733; 570.1082097023624; 559.994478884522; 312.71256301723355; 309.4505971736737
12391.352831712928; 560.7761076181845; 562.9453362463796; 310.600500275623; 310.40978998218975
5400.0; 2878.2931252194726; 296.86508494398834; 855.6212584526343; 56.12593050263119
5442.023980101521; 2666.5626137748445; 305.1548516619069; 789.6861400738181; 58.50447968406657
5566.192594583842; 2461.5567390669767; 314.6347435525652; 736.3097177225031; 63.06927409817399
5767.202528089333; 2256.027820265535; 313.51197696277393; 683.0961827627395; 68.09850706742932
6037.383539249432; 2049.9956119630615; 278.59929447992516; 631.2157553150084; 72.74307783081207
6367.937264138208; 1819.8456855892348; 321.38113895358396; 580.9590379189614; 129.80093595913502
6750.0; 1613.2325302003053; 366.8136962236687; 534.9737759700148; 176.21994952174444
7175.348423595889; 1421.5509294665183; 408.6965773889127; 488.35954571834645; 201.05870777740262
7636.753236814713; 1234.3534493959605; 444.4149453705342; 446.9448376297378; 217.31299362698687
8128.076340684799; 1089.0643898590872; 484.9960661130813; 413.41151299532265; 235.54676462325614
8644.217720534347; 956.1785615303685; 521.3727986224382; 379.93345500539573; 249.81131547106244
9180.992593396424; 848.1770875648514; 547.1836644087389; 352.74046687227093; 261.52930034160283
9734.988443752773; 758.8153914621643; 566.3030479713666; 328.568534054305; 270.66961542017015
10303.42782766978; 687.0993242229928; 581.9972459793149; 308.52465808235434; 277.35331738712165
10884.047960203043; 638.5624266458665; 594.3236376582273; 298.4166564052593; 284.858819219637
11475.0; 612.8609331984538; 601.2607572724099; 289.0016825238128; 286.5986832396113
12074.767078498864; 603.8238444822833; 602.0729256836266; 287.69358152585335; 287.6826528798178
4725.0; 3712.916680626798; 317.61954674542346; 817.5920880915132; 45.47868479081309
4772.970773009196; 3396.8492027980787; 324.8597787318303; 746.6504986791908; 47.39983983323374
4914.07417526435; 3113.5264561026092; 341.82442385832564; 688.2451674037371; 51.948609957548044
5140.6468464581385; 2815.849064033299; 352.24832617698786; 640.9080600614012; 57.48712492589643
5442.023980101521; 2485.890365600193; 312.80117982755104; 586.6594550730288; 58.98777596987633
5806.569555253773; 2199.545970761911; 350.706177631772; 537.3350024385334; 77.2739246037552
6223.192508672699; 1901.887792782596; 398.90186477707937; 490.8647904499845; 137.47568249746493
6682.159082212874; 1640.1023643081674; 444.7566202591786; 448.7722786723064; 179.88620471936406
7175.348423595889; 1409.1849995287205; 486.4444576529859; 410.7487323077609; 201.30874649389688
7696.184119419181; 1225.0144973765478; 530.4170655647191; 374.98922171316957; 216.45416115741742
8239.42504062025; 1065.8229699513063; 564.9240404576137; 348.40229195016144; 230.90816881028547
8800.923247023577; 931.1661299913039; 590.9785745401047; 321.165490874071; 239.42201819126436
9377.399692878618; 829.4812551702122; 612.1525747177766; 301.20083915467643; 250.62976496010967
9966.255565657546; 749.5793852181697; 628.9744039659172; 285.95686223926594; 255.55773700397003
10565.421193686507; 693.2921408556113; 637.4911762821846; 274.5289078504542; 261.2493255404494
11173.238116141623; 657.0941655312661; 644.500605513644; 268.7779241968427; 264.73286571662373
11788.368207686763; 646.655583310776; 645.5605838213097; 263.9576182083456; 266.47441404863014
4050.0000000000005; 4920.806312672087; 333.4064729627677; 788.8963184870865; 35.11938941383316
4105.864707951298; 4483.364252527034; 343.87770535022827; 715.5505173206017; 36.88363435941219
4269.074841227312; 4031.1174099156215; 367.59285479237656; 655.4158258861197; 41.363943077772674
4528.037654437075; 3560.213476837429; 391.6520615625824; 597.6101356591048; 47.141635591424425
4867.494221876386; 3084.3132115715866; 361.44494449270303; 544.2237036221159; 49.656909674236964
5271.918531236993; 2621.0884753906626; 387.49317277346915; 488.1465576053349; 59.687493133267424
5727.564927611035; 2237.8095522661297; 437.57954068393485; 443.0357217976491; 79.81679370616148
6223.192508672699; 1892.6572192683498; 486.9496149420439; 402.8847491814734; 138.2731002377157
6750.0; 1616.0624108898862; 529.6881165404999; 370.7250749702008; 177.24760865456622
7301.2413328145785; 1370.3079186605673; 576.5487871154893; 338.80273498902073; 196.51968869813533
7871.785058041157; 1178.4509036989086; 610.3682963246313; 312.93093119491186; 210.1457490301637
8457.725758145625; 1022.5473867398321; 638.4637173454597; 292.49562603745693; 221.27146425695332
9056.07530887415; 900.4300877849944; 656.7205347693811; 273.6497224376405; 227.3908502386669
9664.529217711539; 806.2081997813389; 676.4888656877409; 260.0097317649089; 233.8540526877078
10281.293692916277; 746.9191979977569; 685.3599299572694; 248.639332185947; 239.2059260560882
10904.958734447371; 707.066781095043; 690.922082382485; 244.4791250843931; 241.42246802626556
11534.405056178666; 694.1276609777955; 692.2113850012231; 241.67343619777952; 241.79819191753506
3375.0000000000005; 6761.065533338037; 348.7683840526405; 756.1257049971617; 25.89400481940288
3441.8381716751305; 6096.83307675519; 363.2044035630438; 677.9321141833724; 27.60224246488766
3634.9862448157905; 5353.058539749394; 397.7595326097315; 612.4527511240238; 31.77571034847708
3935.8925290205784; 4549.56878027242; 433.9241839360818; 549.5493283845794; 37.537186379251665
4322.108860267173; 3784.4475002527392; 414.2019320055281; 490.5802827190083; 41.065220708472154
4772.970773009197; 3185.2636335205; 437.122001954674; 441.70497922528386; 48.75639684142212
5271.918531236993; 2629.037947796748; 485.0028246298425; 393.05900208745896; 59.96071307542337
5806.569555253773; 2180.3202258299284; 531.8825425188821; 352.03803987610155; 77.96083224445125
6367.937264138208; 1814.762735904067; 578.0862538315652; 324.38852222265956; 131.75153160529007
6949.550345166225; 1525.8926207710376; 623.2417893727442; 301.8246108973157; 171.65127780105502
7546.729424061791; 1292.8549933716465; 651.2637592172514; 279.9170146740725; 188.20440214522236
8156.056032176336; 1120.5223383049306; 684.5273182630959; 262.2666269165863; 199.87300971870667
8775.0; 964.3270866281308; 697.1457248276524; 246.06769313176628; 206.93270830249776
9401.662087099281; 865.2251938520932; 715.6419565951012; 236.01686454437174; 213.91586389496211
10034.596404439992; 793.7433812579924; 731.4171356136765; 226.9286134737352; 216.99643259789661
10672.68710306828; 749.806272160043; 731.0343067745633; 221.95913284424577; 218.9918806564378
11315.061864612142; 737.6224010083647; 738.2232601201488; 220.9065192945633; 219.62369352737494
2700.0; 9939.126548473485; 364.23747702904546; 810.1886037090397; 18.296336477788856
2783.096297291921; 8721.412711571873; 385.77694828412046; 728.2992602012525; 20.094680031381696
3018.691769624716; 7276.325216554741; 431.5535715645404; 648.6043002180662; 24.62141579172452
3375.0; 5928.814807094607; 481.80701797234633; 576.8670203914179; 30.821158840999985
3818.3766184073565; 4759.311889630033; 477.82903524490274; 505.4676930969209; 35.92022000335864
4322.108860267173; 3810.3086136020743; 486.13773385854034; 439.8966519266204; 42.52419507847612
4867.494221876386; 3065.7803041229295; 535.0451729911725; 380.9111056061396; 51.350638743651366
5442.023980101521; 2476.7800250840796; 580.4382868146155; 329.4920623407002; 60.77792172822187
6037.383539249432; 2021.2489597179965; 620.1269341968759; 285.3695225680977; 74.5636590325105
6647.979016212371; 1688.6860432863937; 668.9079054665596; 262.062181342718; 120.04421826668741
7269.972489631581; 1407.2646055781079; 701.0898182300334; 247.64121245617406; 161.1120413772088
7900.672439735747; 1199.1657392976742; 724.6117769521012; 233.09895572981503; 178.00481921296762
8538.149682454625; 1039.4400802823961; 748.6524820032738; 221.83184880984754; 186.87857599784252
9180.992593396424; 923.0286808586709; 757.6046263018943; 212.6626045579129; 193.13472880991458
9828.1483505287; 835.9753683177062; 768.4392415702657; 207.13277018604535; 197.134822598726
10478.817919975516; 793.286425217166; 775.601963592778; 202.52048828769531; 201.15857602198005
11132.385189167684; 777.697910601971; 775.2053805532765; 200.35887506587926; 200.12608419872473
2025.0000000000002; 16096.062389835639; 376.2016699541066; 801.6185286038223; 12.099695732931568
2134.537420613656; 13487.008284151401; 407.5759600521472; 711.8641433995901; 13.777681032696254
2433.747110938193; 10404.49311396714; 477.458750319226; 623.8855066096031; 18.220670574757623
2863.7824638055176; 7869.325817181967; 537.6176694309988; 551.919845813204; 24.13397205884992
3375.0; 5932.282243522213; 547.872422391734; 495.6196922985835; 30.67532380065426
3935.8925290205784; 4549.414567846715; 545.8341257551596; 449.96229713460946; 38.620302406280075
4528.037654437075; 3511.0335068100258; 588.8390193501585; 407.340838516806; 48.56432982531009
5140.6468464581385; 2795.504466357505; 632.5223393847265; 370.4076168781837; 59.94692855785114
5767.202528089333; 2245.586951502935; 675.9282332804069; 330.2783026208907; 71.0774236856391
6403.612261840968; 1827.93972312148; 711.9957129274788; 287.9446749652269; 83.44067074499321
7047.206893514623; 1523.3055771241764; 742.4675210571886; 248.29884326223106; 114.01454636584035
7696.184119419181; 1280.6457464197367; 766.196100821439; 220.11139128865355; 153.56926245602247
8349.288891875764; 1100.679949886991; 784.5460717971317; 202.19798963777367; 166.59265428431212
9005.623243285276; 973.1882655262673; 797.3396213831539; 192.62059285383322; 174.3660531872696
9664.529217711539; 879.7448053133206; 806.7537654675161; 187.2731064630494; 179.20441771467276
10325.514515025388; 833.758938745814; 812.9102833821266; 184.05525253627314; 182.55826980891354
10988.203902367302; 816.2248736542824; 816.3177869816229; 183.40974740625055; 182.74445645149783
1350.0; 30860.799910880633; 393.06171191833886; 747.0227897440775; 7.541738385488665
1509.345884812358; 23483.796257115268; 448.26977488755216; 649.3550326356311; 9.096924414881569
1909.1883092036783; 15524.915951031398; 538.993477020213; 550.2637895758374; 12.90469788367114
2433.747110938193; 10383.390528561033; 608.6412187056648; 485.0872090150618; 18.222018747592745
3018.691769624716; 7235.453142473792; 618.8591904219348; 441.3849254306399; 24.67711540406681
3634.9862448157905; 5293.659371755483; 605.1056626317535; 407.1469969990841; 32.53875290350248
4269.074841227312; 4001.675968813895; 647.1794951851393; 379.34884973007587; 42.449600174164715
4914.07417526435; 3094.439356148253; 685.033285832247; 352.40100651917913; 53.3880954477404
5566.192594583842; 2436.336783836082; 720.8419080843918; 324.8511275385415; 64.80479272245245
6223.192508672699; 1971.7292987825474; 761.4761363838687; 299.2177592506865; 77.56843648353065
6883.676343350261; 1630.2289394170868; 785.5723505205643; 272.61662360945456; 91.2393477664105
7546.72942406179; 1354.1982882184031; 806.9452728092739; 250.51324856578526; 114.62908245735821
8211.729415902597; 1164.1255895821366; 822.363268568558; 231.06181909855513; 156.2052784549113
8878.238845626985; 1022.0294328462355; 835.3716014738735; 205.18864136939146; 171.62232189197377
9545.941546018392; 926.7120803183949; 843.5085189249415; 178.80777042415824; 167.7768333667235
10214.603516534551; 874.3959681415248; 852.8106895276305; 170.46591824516128; 168.81498541284074
10884.047960203043; 850.9093804118199; 848.8071569305182; 169.78224047972444; 169.57006875976592
675.0; 84548.36634198928; 410.7134552799905; 661.14903099551; 4.67933563545418
954.5941546018391; 48049.813835455294; 529.5520071217402; 539.4380629790471; 6.006149239260071
1509.345884812358; 23463.224296644217; 636.0018332482653; 458.32666773416236; 9.181281857989442
2134.537420613656; 13472.721365414269; 697.1235496764807; 420.75995654631606; 14.062643980841509
2783.096297291921; 8737.394723040661; 701.4558070205201; 394.2185152384527; 20.352827136944942
3441.8381716751305; 6062.371764059192; 671.2562451927927; 375.7965290269174; 28.371463977762627
4105.864707951298; 4457.083924371286; 709.9152980188281; 351.33865173628124; 37.53625742653925
4772.970773009196; 3399.4998463643533; 738.8076525750249; 333.0975195199479; 48.304169057424396
5442.023980101521; 2652.220349680906; 783.5616921052776; 312.20494585232433; 59.95509354136266
6112.384968242756; 2115.776955665085; 810.1861076777668; 291.73217641690684; 72.48855183924734
6783.666044256602; 1739.8746989154583; 836.1403524937847; 269.27749154452084; 84.95464375368593
7455.618686601401; 1449.0408544912127; 854.6393841331188; 246.36400715942156; 98.20820136850605
8128.0763406848; 1239.4544935280471; 869.820580391915; 225.42305162262744; 113.9161387408725
8800.923247023577; 1077.4420847717786; 884.6076530480543; 216.55433898202318; 148.2489677860662
9474.076472142286; 976.6968782428851; 893.4357271383797; 211.45978152879738; 180.11787596104998
10147.475055401714; 917.6211562713779; 897.6099537143326; 189.5012724182798; 181.89437983414058
10821.073190769943; 901.3992360349367; 902.0679050455398; 174.05334428465818; 173.56505267058682
