ell; low_auto_ch0; high_horizontal_auto_ch0; high_vertical_auto_ch0; high_diagonal_auto_ch0
0.0; 206911.6859291545; 1335.7336245001597; 1325.1212724903696; 237.82050353408735
675.0; 44059.59468059891; 3089.5924686134554; 840.28013017797; 245.6323083289723
1350.0; 16000.721710853557; 4198.233868831726; 561.4935521778759; 258.98643355333905
2025.0000000000002; 7445.428421955967; 4310.791736595862; 430.0823501492552; 275.4507737872827
2700.0; 3963.7068392207066; 4014.4592743243957; 355.74389547989864; 295.3406482260056
3375.0000000000005; 2311.8429486820373; 3559.401863590422; 308.7181460671182; 317.6792554817361
4050.0000000000005; 1443.852511141506; 3119.883595904347; 276.1421557628805; 343.39559420594384
4725.0; 956.6899772407533; 2740.10530303522; 252.05090345338817; 371.84035869030373
5400.0; 671.1404565072182; 2434.6388475699614; 232.08247203358633; 402.67841916236574
6075.0; 494.0814938927333; 2188.694147194854; 214.12244442909062; 436.23842824092156
6750.000000000001; 380.8910461268774; 2005.682287755164; 198.1242671821786; 468.48227546648343
7425.0; 306.40323511554186; 1866.9289292094588; 185.6094046186466; 506.0481929325562
8100.000000000001; 257.11285987614303; 1767.9553648398537; 174.67855463355028; 544.5281391967834
8775.0; 224.71761959903523; 1703.2191362580138; 166.1808294177048; 583.1301471574477
9450.0; 204.2621054943763; 1664.5354588534342; 163.51793515072444; 639.6055492308866
10125.0; 192.9141686305526; 1648.0370179707838; 169.29783137018242; 723.2279863835214
10800.0; 189.11265306290758; 1643.7549271984892; 173.7824311677306; 759.6312730617452
675.0; 44425.91730599419; 846.5908992642616; 3090.7931591453157; 245.46034762773706
954.5941546018391; 25709.86879287966; 2225.06294546414; 2209.623301423426; 264.2559711213439
1509.345884812358; 11954.911457532127; 3526.8589740011944; 1294.7836951884115; 291.8069465541291
2134.537420613656; 6033.57886838238; 3893.0971934090985; 820.2513285817081; 313.3619498179863
2783.096297291921; 3304.180363428098; 3744.288001729691; 576.5822851622918; 332.7441644132413
3441.8381716751305; 1929.3243632467527; 3364.591820952896; 439.99041710413036; 352.4708833017583
4105.864707951298; 1198.2450687738124; 3004.40133380625; 358.7769247631776; 375.51402443428634
4772.970773009196; 783.7386443335064; 2663.6881040943395; 306.95380127921436; 401.17629269686967
5442.023980101521; 535.8642338175421; 2373.8208635399383; 269.4596926836884; 430.7269976229436
6112.384968242756; 383.9491017287481; 2143.4761455723888; 241.105370387034; 462.52603606992903
6783.666044256602; 288.37456946163013; 1972.0829497526745; 219.20482851155612; 496.37713619957464
7455.618686601401; 225.1465175503163; 1838.3538933599787; 201.6161620239189; 531.4687787314831
8128.0763406848; 183.96922576181925; 1744.9783718773078; 187.76573457949127; 572.2799050580467
8800.923247023577; 156.77769102541; 1681.1367345402427; 179.88083205395043; 635.9035952512357
9474.076472142286; 139.58719723208455; 1647.4277542914997; 175.31123286847097; 688.0822099276954
10147.475055401714; 130.14204818653735; 1633.5225304179564; 167.17539689185884; 697.80368168147
10821.073190769943; 127.14927546494401; 1620.765098877075; 162.73840169619973; 691.9801881855652
1350.0; 16108.928528272689; 565.1916123416624; 4191.540478221209; 258.7721374254833
1509.345884812358; 12009.912301584958; 1306.8949064072726; 3517.412276810264; 292.0281793475649
1909.1883092036783; 7314.7743490751045; 2414.299260994035; 2397.353363702301; 349.40665632374186
2433.747110938193; 4277.370875964074; 3012.836598967357; 1562.8309437299279; 394.39614260376845
3018.691769624716; 2521.1499349216047; 3104.8491516586428; 1045.085184647832; 420.5917218031341
3634.9862448157905; 1535.140267061764; 2931.3121802084765; 739.0982196345946; 440.6332145474598
4269.074841227312; 966.8037284019789; 2684.829514560933; 553.0837185717473; 460.070760449329
4914.07417526435; 636.7731970186401; 2442.1507736056433; 436.9619849583967; 481.41935859706433
5566.192594583842; 433.1067078817707; 2208.362550624051; 359.19346633727173; 506.6000147745134
6223.192508672699; 307.7889565004055; 2025.228404229491; 306.42130162618207; 536.6075714750081
6883.676343350261; 226.35740009470737; 1875.6233804953786; 265.99009451983653; 567.8803196317391
7546.72942406179; 173.52385071092309; 1767.9955530003294; 237.4936498517618; 615.8792838237586
8211.729415902597; 138.26613478283127; 1681.7015360503378; 216.07780564886335; 679.8621790085326
8878.238845626985; 115.66494981796401; 1632.707250953079; 196.44673920439834; 703.3157341241982
9545.941546018392; 101.01736836509664; 1597.2504535982252; 179.9477238845737; 704.4301584020749
10214.603516534551; 93.0847787639662; 1584.1948521054433; 172.37179928222542; 704.0923866293214
10884.047960203043; 90.45549821660505; 1576.5202867652401; 170.20909112297704; 704.7016385469025
2025.0000000000002; 7524.146264035289; 432.92347836037493; 4334.884702179262; 275.4051877236862
2134.537420613656; 6070.8769212146635; 829.2773733183344; 3887.0100304254; 313.3253718846437
2433.747110938193; 4275.763007215502; 1571.6445109131166; 2987.8286574402687; 393.1364259928935
2863.7824638055176; 2826.9119148158375; 2146.9986713419144; 2129.434630638049; 467.309563239137
3375.0; 1814.852329079463; 2380.450513014087; 1487.9119874630019; 515.0756347417503
3935.8925290205784; 1171.3068120132502; 2377.737275537205; 1057.2730221106692; 543.5487336968667
4528.037654437075; 767.9380565140774; 2274.249647238318; 776.9047086977055; 567.4147900481717
5140.6468464581385; 517.1149701894344; 2132.3337314829764; 595.9065578360489; 591.3958066129208
5767.202528089333; 358.37396105028006; 1988.2512462021864; 471.45822117222144; 615.4779588240135
6403.612261840968; 255.19600204264228; 1849.1064459120553; 381.6908435450047; 640.3136685183238
7047.206893514623; 188.5468226868948; 1745.3881873338437; 316.20966277119743; 688.8168015715393
7696.184119419181; 143.48586114663857; 1656.6033132313; 268.21436736687843; 737.6740588271291
8349.288891875764; 113.2217309002586; 1589.2595627787853; 236.34324310901988; 757.9209391039414
9005.623243285276; 93.32684714358471; 1547.196681333242; 215.24882106502145; 770.3103282748446
9664.529217711539; 81.11198524890754; 1525.7202179732737; 201.4184548986663; 777.7614220959422
10325.514515025388; 74.06500967872914; 1515.3185447112255; 193.1713883425242; 780.5747686910333
10988.203902367302; 71.83466177259831; 1505.086418910608; 190.88038001224334; 781.2855961483078
2700.0; 4010.9451695654943; 358.1106483001047; 4049.3543657545533; 294.49287007925636
2783.096297291921; 3329.7839179327143; 582.4757258882205; 3752.7735547544476; 332.5568350504935
3018.691769624716; 2529.9018811187702; 1054.7751964754011; 3101.924699320271; 421.09501307120877
3375.0; 1826.18319976923; 1503.1161467737365; 2386.7047854976645; 516.1283899920311
3818.3766184073565; 1265.6044241625682; 1759.5070604019306; 1760.7103453670936; 585.666386881884
4322.108860267173; 865.4968933881958; 1850.519250842403; 1289.0291896119536; 631.7754607960824
4867.494221876386; 598.278671974154; 1866.3422582263179; 958.107817264822; 667.0026033569595
5442.023980101521; 415.60958704918147; 1812.3345903724962; 723.5781747274685; 694.79587197857
6037.383539249432; 293.706225251806; 1728.673112093231; 558.3868966220006; 722.274457264874
6647.979016212371; 213.43960150321934; 1654.2109145332654; 447.9492424880316; 787.4742758521573
7269.972489631581; 159.37761979262686; 1587.5943509041738; 372.0285754644319; 839.293443146912
7900.672439735747; 121.77093892167659; 1525.9033961230496; 316.66642177674817; 861.489826700759
8538.149682454625; 95.69992214979561; 1469.772216685254; 276.9821075561609; 871.9134605314222
9180.992593396424; 79.19956877125874; 1448.6175600559636; 250.42925149969932; 883.0855238008373
9828.1483505287; 68.39515915115916; 1432.1944536790463; 231.7580449117227; 890.3555939575168
10478.817919975516; 62.22461086455646; 1421.4761347434098; 220.2628968017311; 890.1873380201465
11132.385189167684; 60.306547412005294; 1420.7108691027083; 217.1590751517733; 892.4749152868584
3375.0000000000005; 2334.964842216184; 308.92319028074985; 3572.6537333351525; 316.1246288767295
3441.8381716751305; 1956.6536518212085; 444.72263531227617; 3395.6827790305188; 352.555056802085
3634.9862448157905; 1547.9554893496465; 747.6236267576462; 2941.7580474774923; 440.2891434938056
3935.8925290205784; 1182.9802834778288; 1071.5076548130949; 2384.927292684704; 545.5904293289767
4322.108860267173; 869.3345098010902; 1289.6202037431672; 1848.3288436901407; 627.7556021733062
4772.970773009197; 628.7066144546054; 1419.589937115134; 1414.1245452543574; 697.6932987783034
5271.918531236993; 452.6785597919171; 1488.1039404421779; 1083.3699198711788; 755.2433089225402
5806.569555253773; 327.08513337210445; 1500.247110287402; 841.8558720333194; 810.9970006126019
6367.937264138208; 238.46710291485735; 1475.09251831848; 662.1886877742392; 894.5000595835837
6949.550345166225; 176.95864801455073; 1445.187757864619; 534.1315927303212; 949.335595729137
7546.729424061791; 134.00808375421659; 1409.1374406880038; 440.7860719140552; 977.461208422595
8156.056032176336; 103.32722661656946; 1374.1612881645708; 372.6811595282711; 988.3026190405076
8775.0; 82.5663709497136; 1350.4054336458742; 324.8210874540501; 1005.0666354210645
9401.662087099281; 68.31682119354964; 1337.6306571495418; 290.5274379425521; 1018.6435060917826
10034.596404439992; 58.87760419709301; 1328.3004439336805; 266.5934205871818; 1028.0933272212976
10672.68710306828; 53.64728699948073; 1322.071494445618; 252.2429020770957; 1029.3953373876168
11315.061864612142; 52.07171825320131; 1320.8732540084118; 248.55025538124275; 1031.7224788479816
4050.0000000000005; 1461.105155249096; 276.7099030171327; 3148.286792469293; 341.87069400661665
4105.864707951298; 1215.9521205627482; 360.90469094809447; 3027.223483158996; 373.9067919444077
4269.074841227312; 981.0366190398053; 559.5810387210109; 2701.8566511740805; 458.66054626204385
4528.037654437075; 777.9328643670782; 787.1521805618854; 2283.558839547627; 568.2020146970322
4867.494221876386; 599.4016901775257; 956.6834170232214; 1857.3647043257315; 663.3690661997913
5271.918531236993; 453.9137350564817; 1092.4976630078072; 1483.0634810931736; 755.5263312375127
5727.564927611035; 340.58161385637203; 1182.1657074564876; 1175.9841556488336; 846.1825284690358
6223.192508672699; 254.69855553142415; 1229.7072027442189; 936.4972282354862; 967.5543855554328
6750.0; 191.10520064426268; 1247.3174953345733; 749.9486887567218; 1037.8524739861657
7301.2413328145785; 145.40128092459128; 1246.3113091062216; 610.1685959530053; 1077.6517616649685
7871.785058041157; 112.16344744125492; 1239.6738397215104; 507.57588492827364; 1107.712191840588
8457.725758145625; 88.15339215309281; 1225.8876456630783; 430.31756821578665; 1127.8789605143456
9056.07530887415; 70.87381066245064; 1219.141396787951; 373.1992386470234; 1146.936178835629
9664.529217711539; 59.04075599184434; 1211.6060116028711; 332.1465222525431; 1162.9210808586115
10281.293692916277; 51.30992461516535; 1216.5231570861777; 304.6441579626745; 1177.4978775462923
10904.958734447371; 46.81000791254602; 1207.1523624006568; 288.8489976800253; 1183.239890502722
11534.405056178666; 45.2453951978836; 1208.5469303106988; 282.4001159081594; 1188.5943693766708
4725.0; 966.3838016820656; 251.95598944347068; 2753.068586898569; 369.68914867165245
4772.970773009196; 791.0431034300036; 306.4246264271266; 2674.4299553835176; 398.59732398742153
4914.07417526435; 642.2936697119278; 439.478181367913; 2445.0845577762566; 480.3202350213343
5140.6468464581385; 523.9768440591023; 597.7869090522374; 2141.204456109749; 587.6441412829739
5442.023980101521; 417.5710566354491; 723.1117130452135; 1808.4613605836669; 691.1735811587085
5806.569555253773; 328.2737870268038; 844.9901839362454; 1493.7536753372342; 808.9347063308512
6223.192508672699; 254.17005801308892; 938.177264295251; 1219.2690933277122; 964.5723331146265
6682.159082212874; 197.3488727992274; 1007.2366565058193; 1000.7707898739421; 1076.5758634512154
7175.348423595889; 152.84365806788128; 1045.5273216085081; 819.6528061403172; 1148.4670744078855
7696.184119419181; 118.73399999860362; 1066.9331094802615; 676.5702309500682; 1189.970609470068
8239.42504062025; 93.60347195227818; 1079.2739288554847; 567.6985363662833; 1228.9896829984946
8800.923247023577; 74.5654287033458; 1085.6411079751388; 482.13824770547836; 1260.7608188711831
9377.399692878618; 60.88587134631086; 1090.913684196303; 420.8195106471088; 1292.1881491732472
9966.255565657546; 51.19022679370473; 1091.2392162362517; 374.62873486053803; 1314.611260367037
10565.421193686507; 44.78321102369239; 1095.808480054208; 343.5340009440647; 1331.7928766393863
11173.238116141623; 40.991013420226786; 1097.206264769257; 324.10955395552105; 1345.4077425279647
11788.368207686763; 39.707046737648966; 1095.369618925267; 318.1591552925751; 1343.996688596941
5400.0; 676.2457260981222; 231.35782371512857; 2442.384919318145; 399.9798073524825
5442.023980101521; 540.7241891877208; 269.6481971766483; 2382.598287629828; 427.2437369435878
5566.192594583842; 437.32339771050056; 360.4589259842025; 2217.34402307598; 503.8230010582776
5767.202528089333; 362.10792048422803; 469.21656414604627; 1990.3745161824697; 607.2461062449231
6037.383539249432; 296.3111940742662; 561.8556191479596; 1731.613901233557; 720.011550529316
6367.937264138208; 239.88546999349563; 667.5648554760869; 1477.3984805603977; 892.6830562675693
6750.0; 192.05568844213693; 755.1077511103667; 1243.1650327267416; 1038.0742448312408
7175.348423595889; 152.92181104256878; 825.779338592479; 1040.1007096553146; 1143.3385291672523
7636.753236814713; 121.6834369522799; 875.9836496959351; 869.6834601429961; 1227.7884929202505
8128.076340684799; 96.53816598184301; 908.796311236278; 730.7816139427306; 1292.3234732357564
8644.217720534347; 77.64343815846988; 935.3536662239811; 618.4433347720224; 1344.5824976417698
9180.992593396424; 63.22533773675106; 955.9044433044063; 531.058519945764; 1389.8165030608804
9734.988443752773; 52.1932026409388; 965.4688318873463; 464.4823608818626; 1428.3987414823264
10303.42782766978; 44.379325272938736; 974.9600221155996; 414.11201717871234; 1458.8512048477119
10884.047960203043; 38.993081441841824; 980.3934600467815; 379.9072304842872; 1484.6656041839772
11475.0; 35.85956972044705; 983.3693244177766; 359.6723126190747; 1500.0510053667233
12074.767078498864; 34.72314167487516; 983.9093224354201; 352.3355725990896; 1505.8960775211674
6075.0; 498.05340441029193; 213.84067197998132; 2198.1716895682307; 432.16003003768185
6112.384968242756; 387.5029335515842; 241.08838359066203; 2150.5470559018945; 458.109443854685
6223.192508672699; 310.2729275557903; 305.46260723613483; 2028.3308728538784; 529.9803099187944
6403.612261840968; 257.8031496657321; 376.96490442470576; 1852.3216343367073; 628.5140642897273
6647.979016212371; 215.5637516548825; 450.0106721257034; 1654.5550199424085; 779.4018691855703
6949.550345166225; 178.25596261328826; 539.5277614164896; 1444.4351558433466; 948.5800477007303
7301.2413328145785; 146.05698487853505; 617.1819831966084; 1243.995713031519; 1078.7407273364433
7696.184119419181; 118.98042565246786; 681.1868986510742; 1063.3863080213653; 1189.7715409420555
8128.076340684799; 96.5887169686667; 735.0418262067449; 905.3525679965642; 1291.2170900996891
8591.347391416552; 78.91505047055387; 777.8559141125216; 773.2112392489387; 1382.0287325152362
9081.196231774755; 64.73807677633135; 811.7478576893016; 664.1651936759325; 1455.7701650407946
9593.55252239753; 53.43793421097735; 834.648143940667; 574.884976346021; 1508.1445591268323
10125.0; 44.74257803812372; 852.5054296792769; 504.54402886617163; 1560.696334327105
10672.68710306828; 38.37333134532562; 864.5359751056865; 450.2298188580282; 1599.0228446578521
11234.238959537935; 33.937208751016094; 871.5537105107668; 413.13294255005803; 1627.7867964273305
11807.677587061733; 31.439870884051654; 879.8128369771255; 391.45576918676255; 1647.9039672585316
12391.352831712928; 30.45525333957098; 877.525787787109; 384.7925492936542; 1654.0092077928969
6750.000000000001; 384.00498930924863; 197.7066034169014; 2012.912760163863; 463.9817928527129
6783.666044256602; 291.10316439458904; 218.6775752779685; 1979.8983124549163; 490.7412242706538
6883.676343350261; 228.37979824819521; 264.90726973140266; 1882.0977488732665; 560.6697169565456
7047.206893514623; 190.19386607105912; 310.9903910518901; 1744.2576757391262; 672.361171416313
7269.972489631581; 159.8995452658816; 373.75466651383084; 1580.455278527094; 829.9713302207367
7546.729424061791; 134.71341448950673; 444.65784323747226; 1408.9422373132898; 974.7619051658789
7871.785058041157; 112.79629099451142; 511.35273265810645; 1238.804349811037; 1107.988064624831
8239.42504062025; 93.90574652478587; 573.4484977643383; 1077.5760920563364; 1229.8660283201577
8644.217720534347; 77.86318268788561; 624.8372451587439; 931.8814653976467; 1344.3181749842327
9081.196231774755; 64.98092622418584; 669.9547724613884; 809.9067754466255; 1457.8236237615404
9545.941546018394; 53.74365060110682; 704.535591502954; 698.4977517137143; 1551.013963848452
10034.596404439992; 45.14733715043456; 731.0086115727064; 610.1704545071018; 1621.1114417349797
10543.837062473985; 38.30841772785282; 750.9012041418288; 537.38631657221; 1677.0537211911376
11070.82314012829; 33.245704019615474; 766.1513775788229; 483.76170764997755; 1723.9608416351757
11613.139110507545; 29.538539105479565; 773.9914869416643; 442.70064019572897; 1751.5593125041737
12168.735554690964; 27.607454231520318; 782.819899823129; 421.67670625040154; 1781.2749108042754
12735.874528276416; 26.81820372922801; 783.5043345699456; 413.77229026050026; 1786.3710936265852
7425.0; 309.1234975263528; 185.26930298740083; 1876.3498715977769; 500.0962927657972
7455.618686601401; 226.97897118272587; 200.93690030440092; 1844.9405735203034; 523.8775119726687
7546.72942406179; 175.28231841590312; 234.823608983485; 1770.8267741728312; 600.5551926362609
7696.184119419181; 144.87108948541615; 267.17147908720403; 1655.8418178935424; 724.427670732711
7900.672439735747; 122.50119465829772; 318.47106792406726; 1526.0684038965146; 858.1429403294542
8156.056032176336; 104.46835280678465; 376.3700202608108; 1376.0897154621762; 991.4638483768489
8457.725758145625; 88.56037014896795; 433.57874353541064; 1229.3190910203223; 1128.3633877552454
8800.923247023577; 75.10362689246287; 487.89736520699864; 1086.9279185961661; 1265.2258087293856
9180.992593396424; 63.29692381930023; 536.7709160601632; 950.582842973032; 1390.8810229899746
9593.55252239753; 53.5822493397898; 579.608959574462; 832.0044816692288; 1513.9498238317265
10034.596404439992; 45.2272877343559; 615.0432019898669; 727.82914440269; 1626.314331954551
10500.53570062023; 38.46680203567231; 643.9635746441259; 639.1839168629142; 1718.0041178670567
10988.203902367302; 33.109439128166954; 665.5787856363447; 566.7183498546276; 1784.6355223474434
11494.835797000322; 28.96915282068748; 680.3971164466412; 509.9058493953364; 1833.1036111598587
12018.033324966278; 26.02677191984912; 691.8499581482589; 471.5262090945609; 1874.7619908557738
12555.725785473334; 24.31359568717024; 699.1446068002986; 447.0864171517679; 1898.330345459874
13106.12929128963; 23.80888957519561; 701.3197806479542; 440.0391883032392; 1904.2577050667235
8100.000000000001; 258.3095691825474; 173.67690047115516; 1773.2965914795598; 533.5683479544008
8128.0763406848; 185.26681076365634; 186.49202582398723; 1751.5973570891188; 560.8808229886807
8211.729415902597; 139.57082040234042; 211.5304934047878; 1689.5047602133043; 654.4307071542742
8349.288891875764; 114.37396906015375; 236.0625466437676; 1593.883691155745; 748.0988004439017
8538.149682454625; 96.89693486353227; 279.080250266477; 1479.9337632541599; 870.1282618082213
8775.0; 82.97341373209333; 327.0402963677263; 1351.5305225652048; 1005.5789336803987
9056.07530887415; 71.4209813819761; 377.46491993678524; 1224.0236295529737; 1151.3453088601348
9377.399692878618; 61.503553498721764; 425.5907225785844; 1093.9795176779571; 1294.4881991773896
9734.988443752773; 52.599345934546335; 470.1377841279698; 964.1798901132322; 1433.3422020958524
10125.0; 44.895881420203494; 509.54991201827187; 849.6329844245225; 1557.4154032845631
10543.837062473985; 38.341299810814334; 542.9925240834917; 746.9506482962242; 1679.9177169527914
10988.203902367302; 33.0129767383984; 571.7388832369833; 662.2304598388973; 1783.0492718476332
11455.12985522207; 28.745516927439912; 595.3892041810622; 590.8699490537359; 1875.7257373740008
11941.96905874404; 25.424024698018478; 611.4262274917339; 533.6584607359065; 1933.5924023991338
12446.385017345398; 23.094635122473353; 620.833224395002; 491.7249169640123; 1966.0453347747975
12966.326580801519; 21.66068230093157; 627.3108490150232; 469.6713377851451; 1991.6997511373024
13500.0; 21.244163933761776; 632.0130904185017; 462.58169083284344; 2011.1929927926622
8775.0; 226.12904744270767; 165.1894925368474; 1713.7251438357505; 571.7040684488886
8800.923247023577; 157.94917077903543; 176.5567320105967; 1697.9616660526444; 612.7667839365712
8878.238845626985; 116.48691926871685; 191.89429376649676; 1641.1643368520386; 684.7985249981994
9005.623243285276; 94.64882239632335; 215.53299964445563; 1562.7968876906002; 764.335076336349
9180.992593396424; 79.85557750020027; 251.64784855418964; 1453.6143757121613; 881.089228476704
9401.662087099281; 68.82225040449471; 292.83180946967457; 1340.1295072406158; 1016.0590793562283
9664.529217711539; 59.671771175806036; 336.4694334324012; 1219.3706747006715; 1167.1934493432925
9966.255565657546; 51.652057764170465; 378.30657033339094; 1097.7001325044778; 1320.130796332243
10303.42782766978; 44.54485610228537; 418.94576586896443; 975.8181102460082; 1466.6133990393114
10672.68710306828; 38.666920236444085; 455.804402793442; 866.945881477456; 1600.3547857441563
11070.82314012829; 33.23711321732175; 486.23473723992873; 762.1987819776723; 1725.7853191738936
11494.835797000322; 28.891634254722856; 513.9018814488833; 676.4318427930112; 1831.3391871636138
11941.96905874404; 25.377553733282138; 536.228245943878; 605.0370741110949; 1928.6030579822234
12409.724009823909; 22.64092999607099; 553.918684173754; 550.2849810005383; 2004.1100100309877
12895.85689281639; 20.769603958374546; 565.125683529185; 509.06865605612114; 2043.4626227842764
13398.367437863466; 19.66466069531896; 572.5971097173523; 487.0331584047604; 2075.072867780498
13915.481486459605; 19.32713845774547; 576.878417887248; 478.75703106724745; 2089.598760765678
9450.0; 205.58584570210039; 160.19346461263737; 1684.216119355364; 617.0365293854186
9474.076472142286; 140.61665416539614; 171.17433125411804; 1664.2513550854471; 662.2856987993937
9545.941546018392; 102.30917648986457; 178.53913290446926; 1610.6106195091918; 690.8141340970813
9664.529217711539; 82.12741607053964; 202.073117972533; 1538.1295841598965; 772.5197466692906
9828.1483505287; 69.12564791897832; 233.23523973448476; 1443.3947659688909; 887.6071426226708
10034.596404439992; 59.74101474262704; 268.9186262800814; 1336.01899225685; 1024.9508663666609
10281.293692916277; 51.828229340981174; 307.8609034960039; 1218.1461063135723; 1181.817216755013
10565.421193686507; 45.29538744749479; 347.1556319973339; 1100.2958716311357; 1337.7983970448236
10884.047960203043; 39.32198086661151; 383.79562617875257; 984.3909853345544; 1491.4502868481914
11234.238959537935; 34.195240092871856; 417.2626578030445; 873.7654010410345; 1629.1805195392476
11613.139110507545; 29.811765135976593; 448.1074205366409; 772.8506211316252; 1758.3404552714505
12018.033324966278; 26.003476681678666; 473.08134574146027; 685.3612092157933; 1867.5839252702087
12446.385017345398; 23.044291085608194; 495.187843677882; 615.6410210085933; 1961.7738619254344
12895.85689281639; 20.79715759674409; 514.2192191370846; 561.7358483374527; 2037.3796078790765
13364.318164425747; 19.215116596871916; 526.2716457610112; 522.5694417074353; 2101.740131875903
13849.842056861155; 18.195040147903665; 533.7337253451778; 500.1060118981752; 2135.9749123507736
14350.696847191777; 17.92075728498948; 536.9175590264447; 492.2068614808671; 2144.4901580620194
10125.0; 193.928450998394; 163.3285038149149; 1664.843333282032; 685.716866665092
10147.475055401714; 131.2364579220639; 163.10833590323458; 1646.947469053361; 674.0812856490252
10214.603516534551; 93.95488276673262; 171.95771235019754; 1599.761732491136; 695.1048787140736
10325.514515025388; 75.04250777890249; 193.50138125211154; 1525.7704712159127; 774.905579666826
10478.817919975516; 63.12134780345387; 222.49190331120448; 1435.3109624536376; 892.118320214722
10672.68710306828; 54.3409359298235; 254.83352530750278; 1328.060654295389; 1031.007228788531
10904.958734447371; 47.292415599177545; 291.6578804786193; 1217.7894586834066; 1190.9532676277609
11173.238116141623; 41.46033105698064; 327.9636357268528; 1102.4022988660063; 1347.391022472343
11475.0; 36.31540594723973; 364.0768243796756; 990.7377322072599; 1507.637475683249
11807.677587061733; 31.75714037605531; 396.1958740148476; 880.5596336167392; 1647.8430317437756
12168.735554690964; 27.851153165966466; 426.0884417788176; 783.997935930136; 1783.7107469912191
12555.725785473334; 24.580036664839742; 451.6100779637003; 697.9172867478566; 1898.2001115273679
12966.326580801519; 21.79172147174657; 472.18561024070885; 625.4480895448004; 1987.8207805569955
13398.367437863466; 19.701094034233055; 488.62307275269166; 570.4745855371933; 2064.5205850781267
13849.842056861155; 18.268673748563323; 502.30679974223614; 531.0952969083245; 2126.460446015298
14318.912319027588; 17.312570868504494; 508.8252645072475; 506.3412158477155; 2157.71785617621
14803.905734636384; 17.00778728401634; 511.15686625354374; 497.37141010950523; 2167.5567732964687
10800.0; 190.29343139095883; 166.91616808361292; 1650.5410499814977; 722.4104276277312
10821.073190769943; 128.22514534833857; 158.47985050887996; 1638.0587872453043; 670.0624336834895
10884.047960203043; 91.30039673038607; 169.69306684817101; 1588.858168724313; 694.5586642574358
10988.203902367302; 72.73006753889992; 191.31582884177055; 1523.632284921656; 776.7175099181418
11132.385189167684; 61.006996941678544; 218.68193141891317; 1432.6782384293892; 891.7045390399716
11315.061864612142; 52.5270414655502; 250.54880988299902; 1327.043365271431; 1033.1410118143688
11534.405056178666; 45.718311812872244; 285.2261362115729; 1214.595597723411; 1186.7052062586322
11788.368207686763; 40.125875942841496; 321.62664243032464; 1101.7424666057918; 1348.6484456174978
12074.767078498864; 35.22855796665973; 356.80895796771705; 988.4860482159858; 1512.9609476861494
12391.352831712928; 30.820742312520544; 389.0361480745351; 878.8276241315292; 1655.5686893517147
12735.874528276416; 26.99311556072563; 417.229361204748; 783.1866571892232; 1787.4562512957234
13106.12929128963; 23.908965655161165; 442.3223111605912; 699.3154010930497; 1900.9329373603682
13500.0; 21.417492364910096; 464.4574855685097; 628.57033860092; 2001.3834350028037
13915.481486459605; 19.44836428518389; 483.14564779372165; 573.9505557316148; 2086.5358599594233
14350.696847191777; 17.965767559009656; 495.20367707845395; 534.8565923960398; 2143.1115125158694
14803.905734636384; 17.020224612109907; 500.4117089327885; 507.0893938410294; 2164.9412625740033
15273.506473629426; 16.630013310233146; 500.49967828720463; 497.79922293149986; 2161.2376430346753
10125.0; 193.92845099839403; 163.3285038149149; 1664.843333282032; 685.716866665092
10147.475055401714; 131.48970878923774; 162.90934715254264; 1647.686534463068; 673.0724873617554
10214.603516534551; 94.06122422763968; 171.8143848170722; 1597.6818916152727; 693.8475428287205
10325.514515025388; 74.88024767883833; 193.61957940404164; 1524.8474514614682; 774.7783500151752
10478.817919975516; 63.02304950944152; 221.7556866313904; 1434.479245882528; 890.3189808552369
10672.68710306828; 54.31754826862673; 255.1326327001103; 1330.549333077693; 1029.1413662209882
10904.958734447371; 47.23764643115363; 290.5597500798842; 1215.535070047914; 1188.632873828256
11173.238116141623; 41.40550208579045; 327.9273500432508; 1100.5913679098685; 1348.4090955958366
11475.0; 36.21800900975799; 363.21280021028497; 986.8067338997871; 1502.9543825480173
11807.677587061733; 31.65073039071624; 396.52661271621554; 878.7899381392614; 1647.6820215149753
12168.735554690964; 27.81460029825667; 426.65843065405153; 782.8350696193111; 1783.6849522630314
12555.725785473334; 24.4823065894842; 451.3527915067865; 696.4921792232841; 1896.0826731365075
12966.326580801519; 21.791858191085396; 472.78851891664976; 625.9854819602592; 1994.331801248448
13398.367437863466; 19.747707436021006; 488.9657025274698; 569.7537990203249; 2070.7885575795294
13849.842056861155; 18.174896795423486; 501.0341124658866; 530.6618530419121; 2128.8863309096455
14318.912319027588; 17.336040470659082; 508.0583151293326; 506.50611431103994; 2162.672074857974
14803.905734636384; 17.007787284016338; 511.1568662535437; 497.37141010950523; 2167.5567732964687
9450.0; 205.58584570210039; 160.19346461263737; 1684.216119355364; 617.0365293854186
9474.076472142286; 141.04405528175917; 171.45575307404465; 1664.0601185159062; 663.9830817346793
9545.941546018392; 101.98906720630482; 178.38677400320333; 1612.0225961118247; 689.6994493362675
9664.529217711539; 82.21782790172675; 202.3102694002248; 1535.7129199115452; 771.4762371628568
9828.1483505287; 69.08063975584723; 232.94442607169364; 1445.3582573497795; 888.0431110783816
10034.596404439992; 59.74234066138559; 269.5198571063316; 1338.7900637867747; 1028.7719676049371
10281.293692916277; 51.96013605684959; 308.65540626090507; 1220.3177871646526; 1182.0257601043993
10565.421193686507; 45.33094554621294; 347.11842005168035; 1104.5493177428402; 1338.4087401900865
10884.047960203043; 39.39050283157399; 384.6010589220551; 982.6577347800709; 1490.360189601616
11234.238959537935; 34.26526004417126; 417.74711571368914; 873.430670106783; 1630.584001827974
11613.139110507545; 29.733229566484777; 447.33003986447153; 773.0848262723875; 1758.8977653821596
12018.033324966278; 26.062067296650245; 474.61916564758576; 687.8989858752083; 1872.8159824653821
12446.385017345398; 23.04247190306354; 495.2226435883616; 616.9056071610825; 1957.1560875039659
12895.85689281639; 20.753826938776193; 512.1346664103711; 560.9794903786443; 2043.022469705539
13364.318164425747; 19.210940943347538; 526.122027004422; 523.3753467228655; 2102.2920510704357
13849.842056861155; 18.17423004700311; 533.7267289302042; 499.8632311162338; 2127.44082488316
14350.696847191777; 17.92075728498948; 536.9175590264447; 492.2068614808671; 2144.4901580620194
8775.0; 226.12904744270767; 165.1894925368474; 1713.7251438357503; 571.7040684488886
8800.923247023577; 157.73562479924573; 177.19499153450985; 1693.7024631515706; 614.2861469513696
8878.238845626985; 116.50070080437544; 191.96072722324934; 1638.4349541716554; 682.2006173138927
9005.623243285276; 94.46090008783705; 215.3531924183816; 1557.1374731736785; 765.3061437601145
9180.992593396424; 79.90518822177165; 251.04744737633203; 1454.821050868595; 880.5413533015113
9401.662087099281; 68.88177533594087; 292.6861005160149; 1342.3645310120276; 1017.5060632034084
9664.529217711539; 59.659337995094354; 335.4665163222963; 1221.3144773546549; 1165.342263278613
9966.255565657546; 51.69638230779897; 378.83944944323474; 1096.2130831497611; 1320.0033036741588
10303.42782766978; 44.656503360453094; 418.3449006386001; 976.8620822363372; 1466.0004098387278
10672.68710306828; 38.535977423325306; 455.45383629068664; 863.3952176615022; 1601.623899536696
11070.82314012829; 33.34231075931992; 487.9976132761735; 761.955813634916; 1726.1448263419531
11494.835797000322; 28.86112753678471; 515.2175264494667; 676.1057949081742; 1830.2560184281158
11941.96905874404; 25.43536899897836; 538.1046629057091; 604.751827582106; 1927.4312217804024
12409.724009823909; 22.735847012355677; 556.5824084345751; 551.636669702952; 2006.9728521231712
12895.85689281639; 20.754992608597355; 565.3047463509031; 510.8339714621506; 2045.929071676103
13398.367437863466; 19.619551242389363; 572.838579811276; 485.33584949302775; 2071.7419681885635
13915.481486459605; 19.32713845774547; 576.878417887248; 478.75703106724745; 2089.598760765678
8100.000000000001; 258.3095691825474; 173.67690047115516; 1773.2965914795598; 533.5683479544008
8128.0763406848; 185.07568933369018; 186.35791859824428; 1753.1870062146481; 562.3997671783122
8211.729415902597; 139.47217277637654; 210.9252506660943; 1688.7196814550548; 656.4859220850775
8349.288891875764; 114.32750430326516; 235.96644558700063; 1590.4967730467188; 748.8514849356804
8538.149682454625; 96.67389604461997; 278.58763146271315; 1477.839656919898; 869.6755073330125
8775.0; 83.00025974176133; 327.03958437752686; 1351.912245605493; 1003.4485148577623
9056.07530887415; 71.48303111295272; 376.28880421856604; 1222.5352465421547; 1149.4685242273724
9377.399692878618; 61.43029216791612; 425.64577798853685; 1093.282655592692; 1293.021501864157
9734.988443752773; 52.621355072085514; 470.47773285446914; 965.7531435611935; 1433.490668050108
10125.0; 44.9031731869809; 509.170531792762; 851.3788928009433; 1560.976902325302
10543.837062473985; 38.42554070783188; 543.3931787406615; 746.2158181969174; 1678.546566559675
10988.203902367302; 32.978152206720296; 570.9526113485991; 661.8716521187397; 1785.7844378688276
11455.12985522207; 28.758212862712487; 594.8806065903927; 592.0585061397525; 1882.0642173433428
11941.96905874404; 25.394688946709273; 609.1281875722324; 533.2053294679812; 1930.7013654350587
12446.385017345398; 23.028917907310337; 621.071627424801; 492.26653072494327; 1969.4845996770362
12966.326580801519; 21.694826968238093; 626.1170372137619; 468.0522685910936; 1994.5415668100923
13500.0; 21.244163933761776; 632.0130904185017; 462.58169083284344; 2011.1929927926622
7425.0; 309.12349752635305; 185.26930298740086; 1876.3498715977769; 500.09629276579733
7455.618686601401; 227.62584145997818; 200.85395191404234; 1853.2540165524156; 525.774186633872
7546.72942406179; 175.20032392300553; 234.45096446864028; 1772.8360013234706; 599.8387819976493
7696.184119419181; 145.1255937097169; 266.9112694752112; 1665.17399608215; 724.6536821895526
7900.672439735747; 122.64479660998273; 318.3338760704347; 1527.5473544347897; 859.8336469212162
8156.056032176336; 104.03331821864494; 375.85973229564115; 1375.0312862839914; 990.8602834872149
8457.725758145625; 88.21837470420095; 433.2961270733077; 1227.065442642042; 1127.3167779674613
8800.923247023577; 75.08939422478912; 487.9428713991326; 1086.8643588405853; 1264.7103105902215
9180.992593396424; 63.64785307846414; 538.2672081889311; 954.3737222500152; 1394.6797605790161
9593.55252239753; 53.47559308290505; 579.3123414313362; 832.401606437472; 1513.0049877521628
10034.596404439992; 45.29655688413055; 615.3411477456727; 728.7517564913978; 1626.1575861216852
10500.53570062023; 38.491384942572324; 644.0553338873983; 640.0493233030627; 1718.9560567283236
10988.203902367302; 33.05581065419135; 666.8784295077133; 567.2010941880358; 1787.1356014060862
11494.835797000322; 28.91730978757599; 681.1231678434339; 511.5190153747388; 1837.3201087322166
12018.033324966278; 25.95989221557361; 691.2328307390944; 470.7174521574245; 1873.758592399714
12555.725785473334; 24.350635462512656; 698.110730325634; 447.57037671511; 1894.5909364590339
13106.12929128963; 23.808889575195614; 701.3197806479542; 440.0391883032393; 1904.2577050667235
6750.000000000001; 384.00498930924863; 197.7066034169014; 2012.912760163863; 463.9817928527129
6783.666044256602; 290.735467115745; 218.70125021130605; 1983.09238936887; 489.79104559879175
6883.676343350261; 229.028063796414; 264.6826264513049; 1883.5239573703125; 562.1868827319659
7047.206893514623; 190.1873828848132; 310.7015559837725; 1747.9100528171898; 671.8348163038316
7269.972489631581; 160.5400082370449; 374.51443227178345; 1586.4680690616049; 831.6177952274697
7546.729424061791; 134.88167289749742; 444.7930961453634; 1412.0774702930958; 973.6585377673883
7871.785058041157; 112.65385283954936; 511.1631093306267; 1239.1456003292685; 1105.876264561202
8239.42504062025; 93.41754244264567; 569.6053007028817; 1074.0621445297652; 1228.1170106952957
8644.217720534347; 77.58049254744954; 622.842303616906; 930.176696984755; 1345.108739447495
9081.196231774755; 64.74209190034787; 669.1195591109152; 809.4452620398913; 1459.8597210198332
9545.941546018394; 53.922527498787815; 703.8554877606349; 699.4196421683031; 1547.9636601617337
10034.596404439992; 45.12312195606105; 730.5779495999693; 610.0037377603705; 1618.6494318582186
10543.837062473985; 38.419807837981; 753.4216269633479; 538.2950432633949; 1680.1658295123054
11070.82314012829; 33.232651486944; 765.651615859962; 484.1601757881125; 1723.0199278921423
11613.139110507545; 29.598118552042312; 773.5015277821557; 443.8736221435451; 1753.592690073911
12168.735554690964; 27.523914547695348; 780.6704825624661; 421.7835786312608; 1775.7518343829674
12735.874528276416; 26.81820372922801; 783.5043345699456; 413.77229026050026; 1786.3710936265852
6075.0; 498.053404410292; 213.84067197998132; 2198.1716895682307; 432.1600300376818
6112.384968242756; 388.0720548347596; 241.32608460677105; 2152.8190389929164; 457.96253960400935
6223.192508672699; 311.0763837848709; 306.0326749249326; 2032.3922023675098; 531.181039030939
6403.612261840968; 258.1426514898971; 377.91512096361464; 1856.4524398889785; 630.062858629388
6647.979016212371; 214.88181091120418; 449.91196965922427; 1652.5669100082275; 780.7798819559262
6949.550345166225; 178.18807125400662; 538.6867716427353; 1445.573884709481; 946.9634920476612
7301.2413328145785; 146.16299341559412; 617.634402290262; 1247.9086816014433; 1080.0711585773538
7696.184119419181; 119.23693123920418; 682.5369691959455; 1065.2941446908608; 1192.8363319872503
8128.076340684799; 96.92520400156513; 734.8175439294041; 906.2037267810509; 1293.5159412801884
8591.347391416552; 78.78296470341924; 778.4809572187305; 772.4301018950815; 1381.9322062879066
9081.196231774755; 64.71366937725891; 811.552355832571; 664.9322694182705; 1457.7796647354785
9593.55252239753; 53.42226275440081; 835.5081540079998; 575.912795788654; 1513.0862733662682
10125.0; 44.715087339427406; 850.7488992540721; 503.80428541642635; 1558.2967311545547
10672.68710306828; 38.361382263114855; 865.0296393046584; 451.753335860523; 1599.9799981355438
11234.238959537935; 33.98680799471065; 873.1037969513146; 413.98144949755226; 1629.0294314766404
11807.677587061733; 31.368598336626683; 879.3456433363466; 391.36194596386935; 1648.3472174015942
12391.352831712928; 30.455253339570973; 877.5257877871093; 384.79254929365436; 1654.0092077928966
5400.0; 676.2457260981222; 231.35782371512857; 2442.384919318145; 399.9798073524825
5442.023980101521; 541.372939378753; 270.4993833925624; 2386.47131486774; 427.9619883789465
5566.192594583842; 438.65683549238344; 362.08583218381636; 2218.7283008805316; 504.3923218720318
5767.202528089333; 362.85650494101384; 470.7273358689927; 1993.8146862270778; 608.9147586447039
6037.383539249432; 295.90583389192705; 560.7537543923437; 1729.9638580153664; 716.9978044272306
6367.937264138208; 239.5844841722446; 666.5283475351176; 1475.7955344435088; 890.8084770938239
6750.0; 192.24530667511453; 756.8877821381923; 1244.141208352095; 1038.2589622584737
7175.348423595889; 152.96906329140583; 824.540547455754; 1038.6182470704846; 1147.04460152057
7636.753236814713; 121.9079209349476; 876.9296963321846; 872.8526048173982; 1229.9222329450606
8128.076340684799; 96.47462190725501; 909.2642179677915; 729.6303863748071; 1293.457202703973
8644.217720534347; 77.53615118293064; 934.3369912104821; 619.44893808418; 1344.9621668853104
9180.992593396424; 63.206300031685046; 955.9459103273902; 532.2344667532082; 1394.1066173611484
9734.988443752773; 52.15917495126166; 965.8507773507083; 465.10994708446924; 1428.983445878092
10303.42782766978; 44.432714501263106; 976.8554216165288; 415.28937350401367; 1465.1351344408884
10884.047960203043; 39.0396973627674; 983.6405661866925; 379.88410531733086; 1487.0065444676443
11475.0; 35.80421480301252; 986.1278699118383; 359.01381208123416; 1502.8144049559103
12074.767078498864; 34.72314167487516; 983.9093224354201; 352.3355725990896; 1505.8960775211674
4725.0; 966.3838016820656; 251.95598944347068; 2753.068586898569; 369.68914867165245
4772.970773009196; 792.6637232646648; 307.3006007009681; 2677.559405795319; 399.5957590960604
4914.07417526435; 642.2241408379725; 439.9095451683268; 2445.9166672751926; 479.7689279661958
5140.6468464581385; 522.6069472487183; 596.7471685120678; 2138.6606057491404; 587.1048366831014
5442.023980101521; 417.0316685647082; 721.2402769513313; 1803.8057395958701; 687.8317494451954
5806.569555253773; 328.34827149919977; 845.9929307474066; 1496.5030404836373; 807.7652259074506
6223.192508672699; 254.29587504954975; 939.1217790985792; 1222.6051393231724; 964.3400128606681
6682.159082212874; 197.92963747387796; 1007.3734158665607; 1003.7085843665454; 1077.6982138890646
7175.348423595889; 152.81517342967922; 1045.222937848634; 820.7853482170733; 1146.7741645890324
7696.184119419181; 118.6807354981724; 1066.894385841566; 676.6687108930039; 1191.0230799295875
8239.42504062025; 93.51800865152757; 1078.754468293084; 567.4467063389392; 1229.7092139236433
8800.923247023577; 74.49917456381773; 1084.195427609315; 482.4776800072249; 1262.0778524603008
9377.399692878618; 60.90823870929259; 1088.8835193994917; 420.35376080497815; 1291.0767713510206
9966.255565657546; 51.25675963625566; 1094.6176273491606; 374.2879671699056; 1314.6729290763694
10565.421193686507; 44.73919556225566; 1097.6346182272312; 343.54640360849925; 1333.214900378299
11173.238116141623; 40.98358111031264; 1095.5088854300802; 325.265290128104; 1343.5890112677898
11788.368207686763; 39.707046737648966; 1095.369618925267; 318.1591552925751; 1343.9966885969413
4050.0000000000005; 1461.105155249096; 276.7099030171327; 3148.286792469293; 341.87069400661665
4105.864707951298; 1212.364372944267; 361.368434723522; 3017.268800357507; 373.8593428286722
4269.074841227312; 977.7535945738374; 557.2494050856145; 2700.473216443263; 458.55530450219726
4528.037654437075; 776.102133178873; 784.4424311708485; 2282.373163344818; 566.5016520253772
4867.494221876386; 600.1708316550755; 956.9713340339431; 1859.4214256565238; 662.2967502316882
5271.918531236993; 453.5743793497934; 1092.1884438384845; 1483.660813891425; 756.3967836617787
5727.564927611035; 340.1742360341903; 1181.7585661650885; 1175.5195428554396; 846.4469394543358
6223.192508672699; 253.87840636964015; 1226.2211606013893; 934.9473784591506; 966.149633634556
6750.0; 191.42123661371957; 1247.2651474813115; 750.8843644410722; 1038.539206873274
7301.2413328145785; 145.99637030254178; 1250.5790147752195; 612.8248336072069; 1079.8229192224194
7871.785058041157; 112.18350779550008; 1240.0443448689834; 507.0830495851199; 1106.0130720160794
8457.725758145625; 87.98887157189857; 1228.3995048149068; 430.0884709916947; 1128.6855480167092
9056.07530887415; 71.02086567960126; 1220.7691501941124; 373.5083642692207; 1145.6979211620762
9664.529217711539; 59.01843463569228; 1215.444301176022; 332.3882538736958; 1165.1864144356716
10281.293692916277; 51.25901551508369; 1213.197104808873; 303.80552245626734; 1174.7425360286445
10904.958734447371; 46.726213628142396; 1210.1260784811104; 287.94562535835564; 1184.809029691776
11534.405056178666; 45.2453951978836; 1208.5469303106988; 282.4001159081594; 1188.5943693766708
3375.0000000000005; 2334.9648422161845; 308.9231902807498; 3572.6537333351525; 316.1246288767295
3441.8381716751305; 1953.5455892668829; 444.4470470273017; 3390.087996399414; 352.49465068948484
3634.9862448157905; 1550.7742272839491; 747.5156128336055; 2944.309251064932; 440.0416125219711
3935.8925290205784; 1178.7833948518407; 1066.8928947743195; 2373.3317266396125; 543.4963914133754
4322.108860267173; 868.3984570907176; 1289.29590496816; 1846.429262747212; 629.386636982809
4772.970773009197; 630.6869452636133; 1427.1321416853746; 1417.358841130905; 699.4909902109658
5271.918531236993; 453.7803040005322; 1491.5573599805857; 1085.8805279311307; 756.9562567863827
5806.569555253773; 326.5066328445167; 1498.5420313684706; 839.3354407882767; 810.4757645867962
6367.937264138208; 238.7919429525665; 1477.461169775959; 662.8851379544348; 896.0716153173074
6949.550345166225; 176.9815954699808; 1446.3359697764151; 534.5859121901409; 949.29521774914
7546.729424061791; 133.8158564296009; 1408.978173818721; 441.26679330339806; 975.0480659177568
8156.056032176336; 103.7719233609597; 1378.617171340254; 374.11286107288373; 993.0237084899981
8775.0; 82.24154899762274; 1347.3151810787854; 324.2015711969169; 1003.4440034121775
9401.662087099281; 68.16516907832155; 1336.1495613550214; 289.83179261753514; 1016.2158545036494
10034.596404439992; 58.87787482019016; 1329.8897406250169; 266.62913510568677; 1027.7225134818652
10672.68710306828; 53.6575302570931; 1317.4650441272456; 252.91968102916758; 1030.6962827072887
11315.061864612142; 52.07171825320131; 1320.8732540084118; 248.55025538124275; 1031.7224788479816
2700.0; 4010.9451695654943; 358.1106483001047; 4049.3543657545533; 294.49287007925636
2783.096297291921; 3334.9712683641555; 581.037899214919; 3753.8533060801565; 331.9051792934196
3018.691769624716; 2532.5293677748105; 1055.9034118588327; 3105.4622033579426; 420.7048086096978
3375.0; 1821.7748309809288; 1501.931136417809; 2381.325273248489; 516.3409025448603
3818.3766184073565; 1266.2665370484722; 1759.6180236822104; 1760.4427183837136; 585.2399617884304
4322.108860267173; 868.1977906902208; 1854.0662344756015; 1291.8457594244787; 632.6393421222474
4867.494221876386; 596.7566429166036; 1862.1604070745277; 956.4547085968192; 667.5804422052353
5442.023980101521; 414.3483933445939; 1805.9744482330086; 721.1222593690552; 693.3427665006315
6037.383539249432; 294.41645633413566; 1732.8006084357758; 560.0604354365981; 722.3098201581512
6647.979016212371; 213.66288947545007; 1649.6172139424732; 448.86982199113527; 789.1330856878621
7269.972489631581; 158.52360441368648; 1578.7334329638304; 371.8909241067239; 838.6975441735295
7900.672439735747; 121.28100167519973; 1522.5502400000553; 317.77267980898483; 863.9131508239192
8538.149682454625; 95.95495979403417; 1475.071132140896; 277.7091999272685; 873.2371594292705
9180.992593396424; 79.20043459994989; 1451.1236514988575; 250.46171292931902; 884.8882838758335
9828.1483505287; 68.42902008752068; 1431.1091476042216; 231.8958597936184; 889.0531911234805
10478.817919975516; 62.18195781719028; 1421.971327958583; 220.91507950371061; 890.6982440561733
11132.385189167684; 60.306547412005294; 1420.7108691027083; 217.1590751517733; 892.4749152868584
2025.0000000000002; 7524.146264035289; 432.92347836037493; 4334.884702179261; 275.4051877236862
2134.537420613656; 6086.497637137629; 829.4296391823592; 3893.522773006591; 313.1083474638906
2433.747110938193; 4265.9826014339405; 1568.7086508854143; 2986.044422089457; 393.56172818715123
2863.7824638055176; 2820.5150834304904; 2139.966482077765; 2126.8381172193945; 466.17663799022523
3375.0; 1819.318402828203; 2382.2539440744627; 1490.5152521935636; 514.2936162547802
3935.8925290205784; 1173.605678475588; 2379.5878885463194; 1061.6714104183934; 542.7067647139102
4528.037654437075; 770.0832690100262; 2282.0910953801094; 780.7856688884978; 568.4472896108477
5140.6468464581385; 518.5023822910973; 2137.334757407576; 597.5486480722273; 591.3815069657799
5767.202528089333; 358.3428147985001; 1986.180340972693; 471.9691271669062; 614.1658351052697
6403.612261840968; 255.6985404508313; 1852.5336290487037; 382.2660385655877; 640.2188880366327
7047.206893514623; 189.01526288522456; 1748.9231422638975; 316.7719281394495; 686.6216598507239
7696.184119419181; 143.49765958485176; 1655.0602794366084; 269.09764291627147; 739.983441971503
8349.288891875764; 113.32644292559763; 1592.6288093316966; 236.25988702444286; 760.5707676628481
9005.623243285276; 93.45375185205113; 1550.2771788354173; 215.4306740114658; 770.9215539915634
9664.529217711539; 80.96480549823637; 1524.530054049139; 201.93679095382006; 777.8891646643407
10325.514515025388; 73.8984413563006; 1514.1813890614474; 192.6364920316791; 781.2767197775365
10988.203902367302; 71.83466177259831; 1505.0864189106085; 190.88038001224334; 781.2855961483078
1350.0; 16108.928528272689; 565.1916123416624; 4191.540478221209; 258.7721374254833
1509.345884812358; 11999.219624313871; 1306.3553587529086; 3514.68974458591; 291.64866681001183
1909.1883092036783; 7304.720229956108; 2407.606690288867; 2392.9378125717003; 348.92456835485393
2433.747110938193; 4252.807157176319; 2999.2116683304307; 1555.844159032718; 392.85992410435796
3018.691769624716; 2521.7399809497974; 3107.00359649811; 1046.2010548537069; 420.997003567965
3634.9862448157905; 1535.7758105299806; 2931.7505468586764; 737.8047562778246; 439.74557154601416
4269.074841227312; 969.5235154102855; 2688.5590167037694; 553.9877358256472; 459.5228500178504
4914.07417526435; 636.749812837463; 2442.6445471526513; 436.54580078244857; 481.36249191615235
5566.192594583842; 434.6484764285199; 2212.205099594105; 360.5123834701003; 508.7592504806399
6223.192508672699; 307.7412808909365; 2024.9517190635463; 306.4545592996457; 536.9570682755232
6883.676343350261; 226.52208902815195; 1876.5868221381043; 265.99288511259937; 568.5896867587268
7546.72942406179; 173.20529413452914; 1760.5951832662909; 237.1768405209717; 615.197861446604
8211.729415902597; 138.19642476078516; 1677.3083512344; 216.50578034284047; 679.4470182432858
8878.238845626985; 115.31953596212102; 1625.5534785017799; 196.15158793012793; 702.3305117299657
9545.941546018392; 101.08847974930667; 1600.6996192080007; 180.34858203428792; 702.617996325194
10214.603516534551; 92.98734930059706; 1582.9481737987153; 172.61516856088485; 705.0673926398769
10884.047960203043; 90.45549821660505; 1576.5202867652401; 170.20909112297704; 704.7016385469025
675.0; 44425.91730599419; 846.5908992642616; 3090.7931591453157; 245.46034762773712
954.5941546018391; 25684.6880444805; 2225.0948401966366; 2209.769225108026; 263.6601337345562
1509.345884812358; 11959.735054959701; 3523.549257216544; 1293.0265761267103; 291.109902958584
2134.537420613656; 6018.128489913085; 3879.9723310449613; 819.9754710571123; 313.77345452168805
2783.096297291921; 3309.6309275278154; 3750.1249182605293; 577.3185415747591; 333.37242072454444
3441.8381716751305; 1932.8873806527922; 3371.6118172203915; 439.73317360838547; 351.8275251254351
4105.864707951298; 1200.4935351243037; 3006.8321182099144; 359.73383997628787; 375.518281905747
4772.970773009196; 781.61488267282; 2659.833742431612; 305.58617732899694; 400.90494137971956
5442.023980101521; 535.4420780018646; 2369.281240615997; 269.8505201711753; 431.398984243481
6112.384968242756; 383.99835673552064; 2141.866320869417; 241.54518788813874; 462.1368627038406
6783.666044256602; 287.795859144636; 1966.1116702361287; 218.83131811601268; 496.82640637806617
7455.618686601401; 225.24712122756506; 1838.3714106147463; 201.59046516545106; 530.559373305772
8128.0763406848; 183.9552674171807; 1741.1383913651612; 187.90570182506974; 572.5855879101939
8800.923247023577; 156.45696626883642; 1679.0208958644814; 180.09945855566244; 634.6934632382836
9474.076472142286; 139.52479336481375; 1646.2069540649604; 175.50977949742474; 687.1104996663526
10147.475055401714; 130.18333337364857; 1629.98924052894; 168.06160806546006; 699.3806404665728
10821.073190769943; 127.14927546494401; 1620.7650988770745; 162.73840169619973; 691.9801881855652
