ell; low_auto_ch0; high_horizontal_auto_ch0; high_vertical_auto_ch0; high_diagonal_auto_ch0
0.0; 207054.41651607363; 1328.4529025345153; 1318.759973226862; 496.489226748855
675.0; 44119.28741468; 3135.9523696918595; 928.890924273704; 502.96025706854306
1350.0; 16021.50004015522; 4277.321236994671; 642.0498006172982; 515.0382646450823
2025.0000000000002; 7454.524646297182; 4391.664992548416; 507.39252900023007; 530.22639793357
2700.0; 3967.805392911231; 4086.8029248095054; 430.40940515938365; 549.147350452328
3375.0000000000005; 2313.7024205544535; 3619.11620829841; 382.50803248451587; 568.8258028364417
4050.0000000000005; 1444.3922286837108; 3165.3776623913805; 348.9849477759132; 592.1432333198691
4725.0; 956.5793423082008; 2774.853659898585; 324.63906247258774; 619.9654045988102
5400.0; 670.6769232026545; 2459.5180731941714; 304.16877978091253; 647.2007991527968
6075.0; 493.2631677955614; 2207.0759514529323; 285.7855813492192; 678.2036368786688
6750.000000000001; 379.9603668532493; 2018.5241105138955; 269.93835849075214; 707.5105185244657
7425.0; 305.4075134272482; 1874.6766384515543; 257.19387008409484; 741.6168039941207
8100.000000000001; 256.0371657446553; 1773.3275272997766; 246.37520186530688; 776.218369733151
8775.0; 223.5372292757964; 1706.3663045401124; 237.62201735873967; 812.5234093880048
9450.0; 203.04036884999803; 1667.0229379765265; 234.94724692200884; 865.6763656605883
10125.0; 191.7689941223526; 1650.6075563592613; 241.06065757997797; 941.6456696715978
10800.0; 187.92848114432311; 1645.873021292051; 245.70275380740998; 978.4764893376218
675.0; 44486.143071891944; 937.3757668214064; 3136.8346780133897; 503.32125092034266
954.5941546018391; 25744.538545521435; 2244.27910439052; 2228.963686425216; 517.9046534082455
1509.345884812358; 11970.356683791431; 3585.7488730830983; 1287.6069010586884; 540.1875598712342
2134.537420613656; 6040.515218701698; 3963.5452865649513; 800.8798034153198; 554.4481954058592
2783.096297291921; 3307.524749821424; 3808.2055434353574; 552.0889933591845; 565.3452124852815
3441.8381716751305; 1930.5702151212374; 3418.1170795152007; 413.74631477369496; 572.4197843703213
4105.864707951298; 1198.4438400810373; 3046.415886551423; 333.3300516359826; 583.4354838204779
4772.970773009196; 783.2385735814318; 2697.1286666561155; 282.9542187316141; 591.7140985556665
5442.023980101521; 535.1819112574912; 2398.7042803377713; 342.494787760189; 670.045314321152
6112.384968242756; 383.07487625662355; 2160.9418045927355; 313.31107927320375; 699.722107773907
6783.666044256602; 287.42219146150563; 1984.6308390619904; 291.19797064660224; 731.7415447330906
7455.618686601401; 224.0489945376484; 1846.2486889309207; 273.5250914212658; 764.613465427453
8128.0763406848; 182.78597849900268; 1750.2294346722394; 259.6593214773362; 801.814472160938
8800.923247023577; 155.53639250802235; 1684.8712002560726; 251.40770004803102; 860.4797334912341
9474.076472142286; 138.3530910517991; 1650.3240760573685; 246.65458940586802; 909.9776343714251
10147.475055401714; 128.95405962739963; 1635.07723384407; 238.56262126802272; 917.3010893676471
10821.073190769943; 125.88952221306414; 1623.2084507291293; 234.28310031895532; 912.9032539295229
1350.0; 16129.632599159915; 646.8446928273139; 4269.773018666807; 515.8594424726555
1509.345884812358; 12025.164570067514; 1300.4482878158499; 3575.707980209798; 539.5797062340239
1909.1883092036783; 7323.414546008995; 2440.668078640391; 2423.4777937974713; 589.53223606267
2433.747110938193; 4281.69448475518; 3057.373372335839; 1564.4099937944402; 626.0959011691982
3018.691769624716; 2523.1076487386485; 3151.3760161680234; 1034.0704335936573; 643.4429515443012
3634.9862448157905; 1535.7047212747098; 2972.896728297702; 721.4118772751875; 650.6832793735837
4269.074841227312; 966.6729863397386; 2718.609091220941; 532.2416079700174; 657.1268116391825
4914.07417526435; 636.1861377936385; 2469.5920092673414; 416.40529881880934; 664.1897812766143
5566.192594583842; 432.1643563139282; 2228.437232203629; 340.28144168458476; 670.7176817340572
6223.192508672699; 306.82603686670785; 2039.2573210359155; 290.3671656373691; 683.4588508129714
6883.676343350261; 225.24681964007232; 1885.6868405768084; 252.9762227683217; 695.2617173802447
7546.72942406179; 172.30463603577314; 1774.0527355995707; 228.37083484511777; 720.7883415393027
8211.729415902597; 137.0625130464349; 1685.55604857921; 286.8981404761401; 897.5414908033649
8878.238845626985; 114.40274248775597; 1635.3743242487094; 267.7369422332494; 916.5225124324792
9545.941546018392; 99.777500691135; 1598.781154808291; 250.84510736985604; 918.8178959621439
10214.603516534551; 91.8129496672322; 1585.3623958610858; 243.02845693959924; 918.4351381828511
10884.047960203043; 89.18348480278473; 1578.0726028952074; 240.74963239800874; 921.9207749650659
2025.0000000000002; 7533.4066808967955; 510.2281932366289; 4416.518377351247; 530.1576871440056
2134.537420613656; 6078.249894418269; 809.940921941136; 3956.5973836719027; 556.0678246563149
2433.747110938193; 4280.2280031582995; 1575.3813117831642; 3031.7388726403296; 623.7513352922344
2863.7824638055176; 2829.2487968688692; 2165.913492504394; 2148.6718178797923; 687.167144177171
3375.0; 1815.9304986355155; 2407.013189565581; 1489.654526089223; 723.128876357793
3935.8925290205784; 1171.4493492074027; 2404.1409904638367; 1048.3630877177438; 742.5313310531283
4528.037654437075; 767.6519547654176; 2297.505794976376; 763.2037766048551; 751.5997694482357
5140.6468464581385; 516.3997702972581; 2152.2490688249186; 579.7234821756756; 759.8673275248186
5767.202528089333; 357.40451261787945; 2002.976420099092; 455.1374141325872; 767.3317386328936
6403.612261840968; 254.1245551406225; 1859.6805551255734; 367.02312820802734; 773.9398686872534
7047.206893514623; 187.41323885829792; 1752.1090343346923; 304.14509041314295; 800.9692841375374
7696.184119419181; 142.26793110138982; 1660.1734188800824; 259.7424492809822; 827.8392188064759
8349.288891875764; 111.9488582807039; 1591.3066660125182; 231.56998107750243; 826.6593477048149
9005.623243285276; 92.04024568202354; 1548.2318518604793; 215.28192984584553; 816.5566034080309
9664.529217711539; 79.82772500602162; 1526.4284098386797; 270.796109307595; 981.2394975259992
10325.514515025388; 72.80486346048798; 1515.5920109394242; 262.60170071331004; 982.6157597055559
10988.203902367302; 70.55719663935123; 1505.7013873535257; 260.5079880316758; 983.2318031223798
2700.0; 4015.1235035227796; 433.7770269430959; 4122.584301849213; 547.9223795293051
2783.096297291921; 3332.7930996543864; 557.2968483524654; 3818.1367015731535; 564.086620923726
3018.691769624716; 2532.0355425074104; 1043.17395527782; 3148.8007322641606; 643.4080917502482
3375.0; 1827.2479194965215; 1505.9064181481676; 2412.3891042965624; 725.365282438238
3818.3766184073565; 1266.0437128149326; 1769.0607113546591; 1770.1949220701242; 783.4095508396541
4322.108860267173; 865.3769778935043; 1862.8487120814182; 1286.6579699173096; 817.432858414994
4867.494221876386; 597.6581540660603; 1879.4119860300843; 949.3645950490887; 837.1224127641935
5442.023980101521; 414.8157433868049; 1823.4827315972602; 710.7385500554726; 850.0920990633995
6037.383539249432; 292.6561877073618; 1736.8291984873906; 544.5038975045954; 859.5309967443022
6647.979016212371; 212.36558806963563; 1659.7481781933227; 434.72404738597317; 902.9014363180272
7269.972489631581; 158.16385964629205; 1591.7615036323627; 361.1286941672895; 935.1796115845514
7900.672439735747; 120.5164480941278; 1527.3338434925936; 308.48967655765256; 936.4633956914164
8538.149682454625; 94.43856467406646; 1469.6083264889419; 272.36187547731686; 925.6078383426235
9180.992593396424; 77.91298224573727; 1446.951245739939; 250.55958923346012; 914.4802262475678
9828.1483505287; 67.10480074251889; 1430.560791253241; 236.20392103481362; 900.8754614514456
10478.817919975516; 60.93098281544786; 1419.0188912614; 230.09603077222403; 877.7445378857929
11132.385189167684; 59.10372327024586; 1421.282566989688; 284.7881900609033; 1076.242165435804
3375.0000000000005; 2336.8707119757096; 384.0300638193616; 3632.007040713047; 567.0831092423072
3441.8381716751305; 1957.9979568793099; 418.2365377799627; 3449.816859033591; 573.1345353672501
3634.9862448157905; 1548.6261349726803; 729.2678168678791; 2982.1028378004653; 650.6710111458647
3935.8925290205784; 1183.1973379925691; 1062.843644164921; 2410.815498358617; 744.2605813315208
4322.108860267173; 869.1716095190097; 1287.444597351622; 1860.602574917695; 813.2081355384006
4772.970773009197; 628.2188703162152; 1421.201891945814; 1416.1176757285975; 867.5584029964288
5271.918531236993; 451.9623905612001; 1491.3440032886942; 1077.8141027896238; 907.960374305638
5806.569555253773; 326.0823541094408; 1504.1551562153534; 831.8145036594138; 947.7583222971286
6367.937264138208; 237.31850855734976; 1477.568439627797; 651.532092016884; 1011.760337589437
6949.550345166225; 175.82812478862087; 1447.1889416407778; 523.3633536543425; 1046.478937732801
7546.729424061791; 132.8033766594516; 1409.6935998932006; 431.59678069936547; 1052.876963991556
8156.056032176336; 102.04070399917883; 1372.8346223002666; 365.3705203737445; 1045.319059474864
8775.0; 81.30408087716192; 1348.0728850831836; 320.81848502954836; 1040.754126271422
9401.662087099281; 67.0497299143813; 1334.263298314022; 290.4748744974008; 1031.134908894469
10034.596404439992; 57.59431962973776; 1324.746884713906; 270.9333208425034; 1019.6072331033457
10672.68710306828; 52.29437861406723; 1313.6145982233902; 214.24548891949772; 766.977949255647
11315.061864612142; 50.679989263146645; 1313.5470565740632; 210.23489530200592; 769.262112998364
4050.0000000000005; 1461.6976960782688; 350.53660610983627; 3194.5284323520514; 591.804247103816
4105.864707951298; 1216.2007273769502; 335.12828226338615; 3069.389298000186; 581.755001718323
4269.074841227312; 980.9664859646649; 539.3071793017135; 2737.236004279456; 655.6214405365832
4528.037654437075; 777.594249592539; 773.2535487738085; 2306.231860678491; 751.5397715285651
4867.494221876386; 598.7764869441348; 947.7733377566193; 1870.3199606900548; 832.9296429527316
5271.918531236993; 453.15623682670736; 1086.8279105651632; 1486.9614668965046; 910.4579069911839
5727.564927611035; 339.66404258901105; 1179.70158776431; 1173.281682191314; 983.2033720548181
6223.192508672699; 253.67252095303965; 1227.9714097918572; 928.8295097706718; 1081.2616956413992
6750.0; 189.95553222499055; 1245.6331721184943; 740.8240287450793; 1132.824361070384
7301.2413328145785; 144.22337001245864; 1244.545220601951; 600.7982133108194; 1153.4733773985306
7871.785058041157; 110.93379338756044; 1237.532485412704; 499.3488561910693; 1164.1594385484907
8457.725758145625; 86.88508155151901; 1222.7065241990624; 424.1643012155093; 1162.5520073983926
9056.07530887415; 69.60471149858625; 1215.0594598213374; 369.53824738531534; 1162.7095048790848
9664.529217711539; 57.793390274186926; 1206.5840529869809; 331.8341091330873; 1157.2156736932093
10281.293692916277; 49.94186256495369; 1205.6390851952892; 267.89366406748474; 903.1780866803025
10904.958734447371; 45.42704012599968; 1195.9692382348746; 251.57299412824014; 906.7351299445629
11534.405056178666; 43.88069671577082; 1198.5559807736277; 244.90807983426768; 912.2561420675323
4725.0; 966.3012212790559; 325.43967564543993; 2788.186835852329; 615.2747350709361
4772.970773009196; 790.7012816206391; 282.1290301530011; 2706.574060745037; 592.3930563646669
4914.07417526435; 641.7148974886052; 418.9509487526078; 2472.2099739953237; 663.0434299646173
5140.6468464581385; 523.2059392741661; 582.1290845795857; 2159.0375194115973; 756.2648961823161
5442.023980101521; 416.7047602533565; 709.9628434821052; 1819.0689583612784; 845.8315828478744
5806.569555253773; 327.33576675815664; 835.6070924672705; 1497.3191070466692; 947.5269513636779
6223.192508672699; 253.13145860788404; 931.3358687141664; 1217.59058144522; 1079.3428838159655
6682.159082212874; 196.23895226155895; 1000.8708033055153; 995.0352465003816; 1172.42536605088
7175.348423595889; 151.66445305272816; 1041.055961915771; 812.1882705150811; 1224.5198221069516
7696.184119419181; 117.5158379049974; 1062.646845129407; 667.7166327322986; 1245.4398604746364
8239.42504062025; 92.38536045133141; 1074.8247888427784; 560.5261146132183; 1267.1863068977295
8800.923247023577; 73.33207592426704; 1080.509655577043; 476.2909026568809; 1275.5615748668083
9377.399692878618; 59.65170418977448; 1085.030143653071; 417.78065484412247; 1284.3536482540594
9966.255565657546; 49.80731359033294; 1076.737802436361; 339.3930724937201; 1029.3982155783065
10565.421193686507; 43.41075430578447; 1081.870625187509; 307.096295140774; 1044.9118690446217
11173.238116141623; 39.625662961145494; 1082.8045056901608; 287.7216113373632; 1054.1826108943467
11788.368207686763; 38.30994577524046; 1080.7988218092862; 281.5143855949247; 1055.4793087469343
5400.0; 675.7514581869284; 304.69140476875026; 2468.35312450368; 643.7282317204553
5442.023980101521; 540.0336403627136; 343.478776615112; 2407.1780800210227; 666.6870241791552
5566.192594583842; 436.50692391930426; 341.57501547928325; 2237.3113637058814; 669.1576787059379
5767.202528089333; 361.1563367839751; 452.80062084877045; 2005.0659517540307; 761.9084519601995
6037.383539249432; 295.27025713226175; 547.8695512973289; 1739.9738324450325; 858.0260906692274
6367.937264138208; 238.8195503402908; 656.4466128650762; 1479.8774025448065; 1007.930433603939
6750.0; 190.90234032190372; 746.0864867701004; 1241.0886815335095; 1132.5393362089812
7175.348423595889; 151.75847769088685; 817.8665629149081; 1035.1588707361798; 1219.633146690036
7636.753236814713; 120.47335656157279; 869.5397076950118; 862.9151547224346; 1283.2473307587973
8128.076340684799; 95.29274984312303; 902.8335728676931; 722.7943082100024; 1326.2186960290985
8644.217720534347; 76.38165375208416; 929.2787091125294; 611.2785986342833; 1357.9645732391784
9180.992593396424; 61.86838871480212; 937.7506013947369; 500.7239422753217; 1101.2418250555772
9734.988443752773; 50.83791659576667; 947.2849571799155; 432.05343321374653; 1134.2773968210595
10303.42782766978; 42.98169553415554; 956.8592593334942; 379.7618944413935; 1161.3598938399336
10884.047960203043; 37.58298232110105; 961.7239904643815; 344.2475547846952; 1184.4634959674045
11475.0; 34.46329389373901; 965.4490634894413; 323.7186204018166; 1198.934374952559
12074.767078498864; 33.33653770468453; 966.0795943630259; 316.4992198673651; 1204.438186747302
6075.0; 497.3445109950275; 286.69415352671325; 2215.8697177899303; 673.784874354446
6112.384968242756; 386.61375219821826; 314.67179734295155; 2167.046537515824; 696.6040995016082
6223.192508672699; 309.2722864274775; 288.6481551835034; 2042.7273014544512; 679.1120198662691
6403.612261840968; 256.70925925064324; 361.90218787718686; 1863.095640848631; 764.2828673835941
6647.979016212371; 214.4893236863131; 436.89049537726635; 1660.6228738817952; 896.7384221710279
6949.550345166225; 177.1242773033494; 528.0031678355216; 1445.4199555329647; 1043.6575346238058
7301.2413328145785; 144.85457039624518; 607.2233356437578; 1241.5203221611239; 1155.917257931392
7696.184119419181; 117.76137623415327; 673.495645200182; 1058.818931681619; 1244.7688193373622
8128.076340684799; 95.40142747165832; 727.4264729730512; 898.7579774418425; 1327.7087629267508
8591.347391416552; 77.67733259143033; 770.887243868625; 765.9573441691416; 1395.3095568064925
9081.196231774755; 63.385923839595755; 788.6828589693682; 637.0495070097918; 1161.0385676925289
9593.55252239753; 52.08045048717341; 813.1180937116291; 545.664826079885; 1208.8470217717293
10125.0; 43.34629316412341; 830.682258881573; 472.68800907049894; 1255.0632716668756
10672.68710306828; 36.98651830129806; 843.6876969191068; 417.21483343144547; 1289.0461760129897
11234.238959537935; 32.52486961979677; 850.5920271863683; 378.90833615017715; 1315.6230530078424
11807.677587061733; 30.02779294507049; 858.2885247450238; 356.45075773607994; 1333.1795456039258
12391.352831712928; 29.047799852698656; 856.9124802673157; 349.63622712512415; 1339.2619863325715
6750.000000000001; 383.027644047521; 270.30464501893175; 2025.7039948325098; 704.3724192002957
6783.666044256602; 290.0718356730194; 291.55310609453613; 1992.4800260007692; 726.7756924316616
6883.676343350261; 227.2772496029924; 251.97070421168897; 1892.6673763642675; 688.2994071592822
7047.206893514623; 189.04952200269344; 298.8871898049149; 1751.921778785243; 786.3215726893098
7269.972489631581; 158.70196334379872; 362.448174847144; 1584.3707571868024; 925.5003047979458
7546.729424061791; 133.522319079149; 434.7801467401735; 1409.7902863103616; 1051.563036159117
7871.785058041157; 111.57850524929998; 503.0609442615906; 1236.5338988989731; 1165.0642363122658
8239.42504062025; 92.66032235100731; 565.8797910006299; 1072.9311981201138; 1264.565343847454
8644.217720534347; 76.6428509031676; 617.8607314775688; 925.0599108332724; 1359.322378202468
9081.196231774755; 63.59414376729127; 642.9852042634178; 787.2844745689898; 1161.7399208714207
9545.941546018394; 52.405895373157875; 678.4570373875221; 672.990336449416; 1247.1924388193881
10034.596404439992; 43.75962219313836; 705.3436055188714; 581.4896270892622; 1312.4358441990676
10543.837062473985; 36.91868074619772; 726.0795822082024; 507.0405125953486; 1360.3466754178207
11070.82314012829; 31.857754564128697; 741.9953263847489; 451.3953716313586; 1404.2293978372277
11613.139110507545; 28.13832885465841; 750.1433322752831; 409.5003508550729; 1431.7123680286622
12168.735554690964; 26.193151406260107; 758.9723610812357; 387.6060040574484; 1457.0327335365664
12735.874528276416; 25.393153069556856; 759.3487120835972; 379.5221293320939; 1461.9046941373517
7425.0; 308.1185093498166; 258.04596653382094; 1885.3785913271524; 736.6063793951391
7455.618686601401; 225.85862511782028; 273.3654964229098; 1852.8295922190423; 756.8421887750194
7546.72942406179; 174.1090408084653; 225.75114198059117; 1777.8239704872606; 705.8515505291726
7696.184119419181; 143.6609112128491; 258.5185677302746; 1659.9216617955615; 815.3390561746262
7900.672439735747; 121.27191035349618; 310.57554130109725; 1528.2929797372265; 931.0929185946437
8156.056032176336; 103.21642947286207; 369.32570461818636; 1375.671316520819; 1048.1205583974715
8457.725758145625; 87.30175191579453; 426.85596938172637; 1226.1451189250115; 1164.379701137481
8800.923247023577; 73.85589975595686; 482.3153487734265; 1081.9448972529865; 1280.3313877661808
9180.992593396424; 61.93213707603576; 505.79434802137115; 931.8990124442078; 1100.8777869781238
9593.55252239753; 52.20439540626279; 550.4475347693062; 809.9280535065558; 1211.585854321389
10034.596404439992; 43.85990265713295; 586.7329729593458; 702.1740210134337; 1315.5912301759133
10500.53570062023; 37.07816200171858; 616.4207894326005; 610.8595524225475; 1400.7939449693572
10988.203902367302; 31.70642666460513; 638.3396107817309; 536.5806927071334; 1460.9783417402634
11494.835797000322; 27.565133988996045; 654.3026719520915; 478.58302318729955; 1505.8512984871923
12018.033324966278; 24.622434123393944; 665.5460431771387; 438.8576692035649; 1543.8158211103107
12555.725785473334; 22.903116200524938; 672.4150843129202; 413.80110846968716; 1565.9786593550937
13106.12929128963; 22.383930721549046; 675.094937178338; 406.5430109949144; 1571.8984413444343
8100.000000000001; 257.218806058107; 245.54160195146642; 1779.5856273696704; 768.1121147331778
8128.0763406848; 184.08679289462881; 259.4354152719975; 1756.7133027825203; 793.6445951934251
8211.729415902597; 138.3470890828068; 282.38731843463944; 1693.7379710738987; 874.3339879053511
8349.288891875764; 113.13148016423708; 231.33422914459362; 1595.886004528248; 817.0146257937009
8538.149682454625; 95.63980295622775; 274.76702402353214; 1479.698995965517; 923.1261214181545
8775.0; 81.70759191002374; 322.92065534058537; 1349.5125909613096; 1041.9038078898186
9056.07530887415; 70.20221252802781; 374.0069034716893; 1219.1968308625408; 1168.0680804924095
9377.399692878618; 60.25296322920761; 422.3385135600927; 1089.1349589978515; 1288.5877947049878
9734.988443752773; 51.20733282781491; 437.3517336612036; 945.7974055049693; 1138.1946767700647
10125.0; 43.52551082999781; 477.83415440168847; 827.9745647952465; 1254.1809308458605
10543.837062473985; 36.9367820586215; 512.363027210047; 722.408740798282; 1364.570451871103
10988.203902367302; 31.60872342048229; 541.1911211927255; 635.0490976536486; 1460.7809827440576
11455.12985522207; 27.353668632810102; 566.12123903954; 561.4954421242712; 1544.9065783769258
11941.96905874404; 24.01917304976891; 582.4148099611122; 502.71743077608534; 1598.0393951171525
12446.385017345398; 21.671036692170652; 592.3262196823154; 459.6710524850037; 1629.1745830571615
12966.326580801519; 20.244489491371436; 599.1016026138283; 436.68690585232764; 1653.234467353779
13500.0; 19.841967579749085; 603.6612383044287; 429.4602086469244; 1668.5198351162328
8775.0; 224.98961748289463; 237.47609255847198; 1717.3576503204622; 802.2670362561396
8800.923247023577; 156.7177149316597; 249.1673080707995; 1701.4438802619322; 838.793174204472
8878.238845626985; 115.24424683298267; 263.3411027657859; 1643.8452545812281; 901.7062852340036
9005.623243285276; 93.37946982724588; 215.84938747121404; 1563.4084598114903; 812.0267259087791
9180.992593396424; 78.56486696397778; 251.66557192995555; 1453.05104501817; 913.8868276393082
9401.662087099281; 67.55688901489185; 293.0339788233994; 1337.473345468391; 1029.3431706195715
9664.529217711539; 58.41329948835065; 336.1180002723124; 1215.5470179513743; 1160.5771070563064
9966.255565657546; 50.289236227053365; 343.10726740725727; 1083.856485045738; 1034.8802089057756
10303.42782766978; 43.18849977298959; 384.5639766686414; 958.0015410576694; 1168.2629191001865
10672.68710306828; 37.26826330984212; 422.5382460969471; 845.4186241107274; 1291.0483137650588
11070.82314012829; 31.829386165791945; 453.5512279702697; 737.8648697453934; 1405.9105804347614
11494.835797000322; 27.498568699749754; 482.10653338818446; 649.8401672428017; 1504.4729116401393
11941.96905874404; 23.963289791260706; 504.96672705541164; 576.2305579219998; 1592.3526559368695
12409.724009823909; 21.22292131927511; 523.2401562423681; 520.1244822409654; 1663.479624818801
12895.85689281639; 19.342534113870098; 534.6107817653088; 477.61663649407456; 1699.5760272662312
13398.367437863466; 18.246573090649683; 542.5013680925608; 454.94297889933364; 1729.6746837135743
13915.481486459605; 17.916385090823145; 547.0160830391974; 446.16221320083275; 1743.195528731867
9450.0; 204.45125167791633; 232.2837319023747; 1687.7130813331703; 845.2607226654718
9474.076472142286; 139.39274691731765; 242.85629007755153; 1667.9650238214638; 886.4420001048111
9545.941546018392; 101.05237969601042; 249.62691732096155; 1612.8109604151118; 907.586014242797
9664.529217711539; 80.86249535606427; 272.25451759308964; 1538.50690618946; 975.194455637753
9828.1483505287; 67.84123532638718; 238.1316986593966; 1442.4335032542194; 898.0278623379957
10034.596404439992; 58.44180980218787; 273.44065012991445; 1332.8913515579168; 1016.7207847582982
10281.293692916277; 50.444904544841805; 270.6649136916987; 1207.4572445975302; 907.2127046632409
10565.421193686507; 43.912693207599546; 310.8161518873559; 1086.4855385342796; 1050.3732884093483
10884.047960203043; 37.931975808086264; 348.1205695135591; 966.6045865441594; 1190.0917804233109
11234.238959537935; 32.784143567802275; 382.79356110408247; 852.3510737117227; 1318.2455370336277
11613.139110507545; 28.41052250794353; 414.6573032102776; 749.1531841232688; 1436.6656673725647
12018.033324966278; 24.5882224728899; 439.99312365428574; 659.1123294835329; 1537.6077068076904
12446.385017345398; 21.64297768911092; 462.71925523418344; 586.894815997371; 1622.9772445066053
12895.85689281639; 19.395684525005123; 482.24563795822087; 531.438148799015; 1695.7132346255628
13364.318164425747; 17.79745311042166; 495.12189594607605; 491.36275389145203; 1753.2609022787517
13849.842056861155; 16.785983976598892; 502.20464064455; 467.9197936609176; 1784.342648606784
14350.696847191777; 16.491935876478774; 505.7342906772446; 459.73161695883516; 1792.508815992584
10125.0; 192.752377156735; 235.63594556555566; 1667.2015197318178; 907.7331803137924
10147.475055401714; 130.00029616152338; 235.6055861021585; 1649.638845640362; 894.9751885756134
10214.603516534551; 92.69116602016054; 242.7571138388607; 1601.772263940874; 909.805416877479
10325.514515025388; 73.76246284508125; 263.4074941042848; 1526.884718986122; 979.2758375067443
10478.817919975516; 61.815057565774325; 231.9458727457279; 1433.67250949936; 882.6190084653008
10672.68710306828; 52.97891459985069; 216.8416687396523; 1319.8913588372486; 768.3968086396073
10904.958734447371; 45.908872094763204; 253.76946670505353; 1206.9757212763031; 912.6273522521892
11173.238116141623; 40.08963860386177; 291.30006889806697; 1088.3805700284688; 1057.6395924752578
11475.0; 34.91660451983748; 327.63408335011474; 973.3509565235116; 1205.051337519125
11807.677587061733; 30.376328226711657; 361.43878968288317; 859.5820163010969; 1335.161611787078
12168.735554690964; 26.433296905848152; 391.5844297711402; 760.140475871128; 1459.6368573385205
12555.725785473334; 23.14985411578315; 417.9243860601048; 671.6128181132033; 1565.252230391644
12966.326580801519; 20.367027223115873; 439.0361934812615; 597.1807646837101; 1647.3836785228968
13398.367437863466; 18.27596522292372; 455.7953213141392; 540.6291977430188; 1719.5434058225637
13849.842056861155; 16.840969558817207; 469.9905402977228; 500.0576755888906; 1776.9160897939685
14318.912319027588; 15.886076480418591; 477.3039642409212; 474.1381757368951; 1804.760686323625
14803.905734636384; 15.594442366541495; 479.32619577060115; 465.20985793138715; 1815.055873150088
10800.0; 189.1499475500419; 238.94073674673993; 1653.3801872782215; 939.5049603893465
10821.073190769943; 126.94156991296491; 230.11701806112822; 1641.1438265893282; 892.9569210776439
10884.047960203043; 90.00776072558918; 240.6390940303946; 1590.6853292736268; 912.0064752056276
10988.203902367302; 71.44431676954316; 260.7155194344049; 1524.3501432450116; 977.8697747822811
11132.385189167684; 59.75368438975866; 286.79845910430436; 1432.344353416541; 1076.3908250487023
11315.061864612142; 51.13792561194678; 212.07792257362746; 1319.9944838660097; 771.1525661204414
11534.405056178666; 44.32729787120073; 247.5654226200813; 1204.8016106813652; 911.2394656780265
11788.368207686763; 38.71866085018629; 284.5240011840913; 1087.0088582199546; 1058.6230390550948
12074.767078498864; 33.8430391634249; 320.8702500596217; 971.0419669123017; 1208.9324392417093
12391.352831712928; 29.413443610165356; 353.62788217966425; 857.5421642312224; 1341.9131630728446
12735.874528276416; 25.589645103055616; 382.62903715583826; 759.9998118075405; 1463.1626714717684
13106.12929128963; 22.482571208707682; 408.63780679341954; 673.0383628640908; 1568.4159243279607
13500.0; 20.002693907430103; 431.19419480403764; 600.6531430550447; 1661.4189418104631
13915.481486459605; 18.02467541916005; 450.1586127357386; 544.5316671874914; 1739.3493942483676
14350.696847191777; 16.538365555675302; 462.5005181596862; 503.702641592557; 1790.1006942213712
14803.905734636384; 15.596063664400925; 468.39253460895475; 475.23968641912484; 1810.6920403729184
15273.506473629426; 15.21327447930289; 467.9550507633456; 464.9901355130185; 1809.0703620422214
10125.0; 192.752377156735; 235.63594556555566; 1667.2015197318176; 907.7331803137924
10147.475055401714; 130.23328814532653; 234.8580326762226; 1650.0794616407352; 893.4271003634294
10214.603516534551; 92.77345327365684; 242.6417438508872; 1599.214609676419; 911.6074971869078
10325.514515025388; 73.62724849242879; 263.69386038669995; 1525.3453850265116; 979.153866955812
10478.817919975516; 61.70827276474708; 231.82690621105974; 1433.3966726900117; 879.0650721739199
10672.68710306828; 52.94998380290163; 216.72637018145682; 1323.6886522882298; 768.1297542404926
10904.958734447371; 45.86014278372927; 252.91705665489798; 1205.702020005364; 910.4613954454084
11173.238116141623; 40.025248947380035; 291.1102489411425; 1086.2668690089422; 1058.5132195442977
11475.0; 34.81383726254743; 327.1649995555287; 969.7617853557445; 1201.8944093555926
11807.677587061733; 30.250362633302895; 361.0676952864928; 858.7076588268935; 1335.2381550679672
12168.735554690964; 26.404346158704545; 392.05575494055313; 758.9732141886324; 1458.4068794781547
12555.725785473334; 23.064174800066866; 417.5704707142545; 670.7520485072389; 1562.4739539181812
12966.326580801519; 20.369957206577; 439.5436696353532; 597.7689484730404; 1652.959234436775
13398.367437863466; 18.32095841668558; 457.22085453685776; 540.009265082107; 1723.165754087212
13849.842056861155; 16.774505878835406; 469.03121987293997; 499.49969752066; 1777.8946888608004
14318.912319027588; 15.911435397129413; 476.1824279655958; 474.47654977171226; 1809.8853034665406
14803.905734636384; 15.594442366541491; 479.3261957706011; 465.20985793138703; 1815.0558731500876
9450.0; 204.45125167791633; 232.2837319023747; 1687.7130813331703; 845.2607226654718
9474.076472142286; 139.78950547570045; 243.6536735028983; 1666.7283590711354; 887.0137584476447
9545.941546018392; 100.74072962413503; 249.23387818811955; 1613.7948509534237; 907.3058247948696
9664.529217711539; 80.96519130364752; 272.6041007098344; 1536.3705854107234; 974.1187808473541
9828.1483505287; 67.77636578233522; 237.91700885882548; 1443.857877118597; 897.960270224585
10034.596404439992; 58.46267459124341; 273.72005841942814; 1335.6824488086718; 1020.9782123046326
10281.293692916277; 50.5893539059873; 271.4775607592641; 1209.563015724292; 907.1027902450056
10565.421193686507; 43.965573606102446; 310.6299856037098; 1089.959258875144; 1050.6965153811368
10884.047960203043; 38.007332241151346; 349.03903609704497; 964.7572095623451; 1190.245655633489
11234.238959537935; 32.87479527165715; 383.23856664555467; 852.7014946265637; 1318.685130137317
11613.139110507545; 28.316692519494783; 413.71774411491634; 749.2953938434512; 1435.9237640820706
12018.033324966278; 24.645206577962476; 441.3835398124987; 661.3041731684214; 1540.5463322619182
12446.385017345398; 21.64355232492721; 462.7807613002923; 588.1036894930121; 1621.6116688986763
12895.85689281639; 19.35244183078964; 480.099161176437; 530.9049931826095; 1700.499494957419
13364.318164425747; 17.77683047251221; 494.9544373848976; 491.94194380476836; 1753.8205707279324
13849.842056861155; 16.752641311580728; 502.4482349099738; 467.5674172404546; 1777.1678679881732
14350.696847191777; 16.491935876478774; 505.7342906772446; 459.73161695883516; 1792.508815992584
8775.0; 224.98961748289457; 237.47609255847198; 1717.3576503204622; 802.2670362561396
8800.923247023577; 156.5031613851862; 249.60627958785767; 1697.665214004882; 839.8077496453725
8878.238845626985; 115.24342608310988; 263.27695275605487; 1640.7179200289418; 899.462698385993
9005.623243285276; 93.1514453794164; 215.65889487283192; 1558.379564056718; 811.951532925074
9180.992593396424; 78.60688377787157; 251.22672621784992; 1453.8198045668903; 913.5386859382909
9401.662087099281; 67.59653734576571; 292.704446929759; 1339.4383800843402; 1030.7093855092983
9664.529217711539; 58.400500910992015; 335.87641084807166; 1217.1464899138564; 1159.2971580616304
9966.255565657546; 50.33075997231641; 343.50000254081357; 1082.565512467482; 1034.0193293129603
10303.42782766978; 43.2567440081921; 384.26608497085533; 958.9778021402112; 1168.1114003971863
10672.68710306828; 37.153593409867106; 422.2377111678155; 842.4512919573115; 1290.9363482295937
11070.82314012829; 31.95078711646221; 455.13506872599885; 738.1152716395301; 1407.5502803354398
11494.835797000322; 27.493204966607337; 483.0012962222207; 649.2447298551954; 1502.5603744343448
11941.96905874404; 24.011563906680053; 507.18419695172287; 576.4295694225003; 1592.304916471686
12409.724009823909; 21.327419338804717; 525.954545235707; 521.2349138516406; 1666.4915304767555
12895.85689281639; 19.326219001390747; 534.7898629511382; 479.34561302891143; 1700.5017959910892
13398.367437863466; 18.200711630569845; 543.1694895955612; 453.065617323126; 1726.531875767875
13915.481486459605; 17.91638509082314; 547.0160830391973; 446.16221320083275; 1743.1955287318667
8100.000000000001; 257.218806058107; 245.54160195146642; 1779.5856273696704; 768.1121147331778
8128.0763406848; 183.9593989020273; 259.02656411904513; 1758.2258008139947; 790.1947937240423
8211.729415902597; 138.2419825570253; 282.5600468918546; 1693.4013895882147; 875.3974293070997
8349.288891875764; 113.08792284242975; 231.5376999196032; 1592.5958188108098; 819.8807986370724
8538.149682454625; 95.41283338625757; 274.6833376353306; 1477.5653145117037; 922.528904087852
8775.0; 81.74872215831162; 323.181024467883; 1349.951348450158; 1039.736921490652
9056.07530887415; 70.23175167722822; 373.07868961044903; 1219.218706742901; 1163.728289451384
9377.399692878618; 60.23204656320963; 422.14632185833506; 1087.7609805814855; 1286.1547084716017
9734.988443752773; 51.234054459083964; 437.44886363823; 947.5148583356151; 1138.2976913235339
10125.0; 43.51810429845679; 477.1562521660008; 830.2360065869881; 1256.2816230959265
10543.837062473985; 37.04304909457207; 512.2266565954241; 721.8028818939252; 1363.0661558042734
10988.203902367302; 31.574873228152263; 541.2689757633873; 634.8315447236652; 1461.4742343855878
11455.12985522207; 27.369400919967653; 565.929854145647; 562.7127842105214; 1550.9010411286636
11941.96905874404; 23.97949616722831; 580.4764083618164; 502.2653869468138; 1596.251705018324
12446.385017345398; 21.62621038778905; 592.3558638655093; 460.1867692116926; 1630.6720691542628
12966.326580801519; 20.301748020186366; 598.0814189901454; 434.97230762889404; 1653.573879179758
13500.0; 19.841967579749085; 603.6612383044287; 429.4602086469244; 1668.5198351162328
7425.0; 308.11850934981686; 258.04596653382094; 1885.3785913271524; 736.6063793951391
7455.618686601401; 226.49395801932067; 272.97013523609957; 1860.9686121386785; 757.7312352316751
7546.72942406179; 174.00468076134308; 225.1055809380556; 1779.232303870326; 705.3177768977242
7696.184119419181; 143.935009658482; 258.1633420280759; 1669.4503361620457; 815.9803225705382
7900.672439735747; 121.40325109982759; 310.1079581661832; 1529.749993613223; 931.8385162272646
8156.056032176336; 102.7939151388209; 369.02646937662456; 1374.1579488408827; 1049.9879868671785
8457.725758145625; 86.9716485714457; 426.25434649745233; 1223.130978165769; 1164.0970756701295
8800.923247023577; 73.84180311500502; 482.16309691309766; 1081.2599087251695; 1279.545516718998
9180.992593396424; 62.29041999477332; 507.63800714282416; 935.9674378532355; 1103.3851823316852
9593.55252239753; 52.10625294912804; 549.8557392387788; 811.0020112714575; 1211.095744930804
10034.596404439992; 43.917409549871095; 586.719992864968; 704.3472300267871; 1314.6173710248388
10500.53570062023; 37.10579804627298; 615.9227489039225; 612.5899588168958; 1401.9410184750518
10988.203902367302; 31.64042446603558; 639.887978868774; 537.3204025250704; 1463.187856219022
11494.835797000322; 27.502590807249966; 654.6921137617045; 479.67638288608856; 1508.9785939688993
12018.033324966278; 24.5620182120088; 664.7870115830027; 438.2550725795449; 1543.079647949468
12555.725785473334; 22.939820830575503; 671.4994846222413; 414.0964920984462; 1563.4574569603005
13106.12929128963; 22.383930721549046; 675.094937178338; 406.5430109949144; 1571.8984413444343
6750.000000000001; 383.027644047521; 270.30464501893175; 2025.7039948325098; 704.3724192002957
6783.666044256602; 289.71647214062807; 291.52245628142055; 1995.256675709386; 724.6890468377799
6883.676343350261; 227.85248757710085; 251.67691494992988; 1893.2750983221163; 688.966364524385
7047.206893514623; 189.01964860921225; 298.40781005141747; 1754.1053264577781; 785.5222843791327
7269.972489631581; 159.3486706519658; 363.65510527745874; 1590.257772104875; 927.8170944886516
7546.729424061791; 133.6643041231653; 435.63310562497134; 1412.2958931194746; 1049.9444075580152
7871.785058041157; 111.44619979314268; 502.7312960458038; 1235.9544376426545; 1163.3680619259426
8239.42504062025; 92.19474868332964; 561.9020571145512; 1069.0623539960957; 1264.0252896592924
8644.217720534347; 76.38494138641988; 615.7472543675267; 923.6636222619064; 1360.2889465176765
9081.196231774755; 63.38349710415617; 642.4729626980526; 786.5340348615695; 1164.0255298874451
9545.941546018394; 52.550705141689576; 678.39359208213; 673.5738604566981; 1245.5734558954375
10034.596404439992; 43.73314347122463; 705.5192547753584; 581.555988418007; 1310.6860839718381
10543.837062473985; 37.01317097664076; 728.0896662342392; 507.79412599674464; 1365.2089154184057
11070.82314012829; 31.840196844399912; 741.1139760897208; 451.8225374058848; 1404.4970582019587
11613.139110507545; 28.190077446190646; 749.4539570091694; 410.29228673557594; 1432.1121600862432
12168.735554690964; 26.108952023100194; 757.3664575552308; 387.9123979633335; 1452.6310462795664
12735.874528276416; 25.393153069556856; 759.3487120835972; 379.5221293320939; 1461.9046941373517
6075.0; 497.3445109950274; 286.6941535267132; 2215.8697177899303; 673.784874354446
6112.384968242756; 387.172827001357; 314.4883949501244; 2170.0381778460523; 696.0721061883224
6223.192508672699; 310.04592492736185; 290.17497792106883; 2046.6497595082033; 677.8823118012536
6403.612261840968; 257.14178019478686; 362.9414785498705; 1865.988980480669; 764.4173531638077
6647.979016212371; 213.77972471557675; 436.6693214608037; 1657.885619606398; 896.2632314600758
6949.550345166225; 177.02186575138145; 527.454311241678; 1447.3167461702806; 1043.8065899660564
7301.2413328145785; 145.00026999056908; 607.8732320795498; 1245.6674246799992; 1156.4950840341887
7696.184119419181; 118.03067818976456; 674.6914849477512; 1060.7273923764956; 1249.5256712207995
8128.076340684799; 95.71666800753678; 727.3198592117382; 899.4654602600962; 1330.0819513213646
8591.347391416552; 77.56708321687486; 771.2765224803638; 765.4788493631283; 1393.1250075902817
9081.196231774755; 63.35415015743592; 789.0929518063683; 638.0272308856532; 1162.2724612137774
9593.55252239753; 52.05129746706903; 813.189415526401; 546.1130887408533; 1211.9050892129005
10125.0; 43.324862591942235; 829.4394840155497; 472.0611635356738; 1253.3522765970497
10672.68710306828; 36.98563819570719; 844.0442973500348; 418.60068322690444; 1291.9664795111034
11234.238959537935; 32.589664372455104; 851.6531283044422; 379.4644166678338; 1317.147486133842
11807.677587061733; 29.98610246084196; 858.1932178347777; 356.6950140647476; 1334.2442611628142
12391.352831712928; 29.047799852698656; 856.9124802673157; 349.6362271251242; 1339.2619863325715
5400.0; 675.7514581869284; 304.69140476875026; 2468.35312450368; 643.7282317204553
5442.023980101521; 540.6956990832826; 343.85506173755664; 2410.4624677046104; 669.6721232792484
5566.192594583842; 437.87605371328357; 343.3117366513851; 2239.393255777652; 670.5911704914846
5767.202528089333; 361.89235625412385; 454.8384489051856; 2007.9189662786705; 762.5388455181582
6037.383539249432; 294.9267949460466; 546.0235713104288; 1738.2218864667161; 855.0927536830042
6367.937264138208; 238.48483806899057; 654.9853066357724; 1478.142523250038; 1007.6929196825482
6750.0; 191.10347962531443; 747.5895498569524; 1242.676173020793; 1134.3592781879943
7175.348423595889; 151.79478196954216; 817.1343303960548; 1034.1325841138569; 1222.7408048548416
7636.753236814713; 120.73742988761343; 870.7531619449595; 865.7845254059513; 1283.7807132863713
8128.076340684799; 95.26847737580232; 902.6990362726385; 722.3878085699398; 1328.8659475984568
8644.217720534347; 76.29612126942568; 928.0585226587176; 612.4948783923033; 1359.1581351875182
9180.992593396424; 61.82798601484966; 937.670376056337; 501.9029217061532; 1102.999306738514
9734.988443752773; 50.78654240062125; 947.5955801892057; 431.8213428555219; 1134.7633591453286
10303.42782766978; 43.06127638339892; 959.2913753631826; 381.1397629305351; 1166.654256836491
10884.047960203043; 37.64389153390712; 965.8094132162485; 344.46620433067574; 1186.7118505419783
11475.0; 34.4069964137709; 967.5332237175884; 323.2898555563968; 1199.2659064741135
12074.767078498864; 33.33653770468453; 966.0795943630259; 316.4992198673651; 1204.438186747302
4725.0; 966.3012212790559; 325.43967564543993; 2788.186835852329; 615.2747350709361
4772.970773009196; 792.3148741836676; 283.31013978050174; 2710.5843125757133; 591.9679635709629
4914.07417526435; 641.7078804253722; 419.74528046691086; 2472.7355551927503; 663.1847417022818
5140.6468464581385; 521.8794039500073; 580.5163403311428; 2158.3924045966837; 757.3495249200449
5442.023980101521; 416.1996985784531; 708.4019144450007; 1814.1707378285978; 844.0263425082981
5806.569555253773; 327.3271591334931; 835.9339963042468; 1499.7721392405988; 947.2605906622605
6223.192508672699; 253.24961915049923; 932.4953325728475; 1221.4457982856136; 1078.5221960531067
6682.159082212874; 196.78322837187963; 1001.7483018774158; 997.7459009118777; 1171.7248839851427
7175.348423595889; 151.61010472596567; 1040.4757644461424; 813.4857306032958; 1221.8480946610528
7696.184119419181; 117.45353392228755; 1062.087794336423; 667.7890247149396; 1247.674022854266
8239.42504062025; 92.31704912782766; 1073.96903517123; 559.4734305106908; 1266.2060353594904
8800.923247023577; 73.248581984888; 1079.0680163062582; 476.4709778398463; 1278.1246176552536
9377.399692878618; 59.66888588039556; 1082.7718526140222; 417.09708013797524; 1285.2612519328388
9966.255565657546; 49.873088588529214; 1080.4091206860492; 339.38018758706517; 1030.0848704388902
10565.421193686507; 43.37154900807866; 1082.635600581735; 307.35845047967; 1044.717792289774
11173.238116141623; 39.589978390290845; 1081.1649681344397; 288.1840080779468; 1054.3034013088713
11788.368207686763; 38.30994577524046; 1080.7988218092862; 281.5143855949247; 1055.4793087469343
4050.0000000000005; 1461.6976960782688; 350.53660610983627; 3194.5284323520514; 591.804247103816
4105.864707951298; 1212.6161851123647; 335.1856960612698; 3060.5331753406977; 582.2275175364496
4269.074841227312; 977.6388672841005; 537.69168926194; 2734.618020949429; 656.795630635342
4528.037654437075; 775.7851087586907; 770.0306475425766; 2305.1396995077703; 751.8359099195422
4867.494221876386; 599.5879366797021; 948.3267095020653; 1871.3174635197063; 833.9858083131259
5271.918531236993; 452.78322525502404; 1086.7840081069892; 1486.3475444504654; 910.1985367788069
5727.564927611035; 339.20584614851987; 1179.3941191103622; 1172.649312770768; 981.9461390775053
6223.192508672699; 252.8588243708216; 1224.3482804453906; 927.9487000146576; 1082.9470246587268
6750.0; 190.28909585591433; 1245.751883111833; 741.4640936619694; 1132.80677109976
7301.2413328145785; 144.8198074632118; 1247.8245870186115; 603.5320511722036; 1157.163609336868
7871.785058041157; 110.9833417437822; 1237.2863847474466; 498.8509852590117; 1163.4172373436772
8457.725758145625; 86.73380095134154; 1225.1380893953287; 423.4032514127352; 1164.554374749504
9056.07530887415; 69.79238888391843; 1216.8455091256455; 369.89160366429456; 1161.4740293756313
9664.529217711539; 57.77086827291959; 1210.8329430905044; 331.89256363100554; 1159.774505274861
10281.293692916277; 49.88503794871812; 1201.9027542569443; 266.88879096042194; 900.2083959655026
10904.958734447371; 45.31777820805639; 1198.5396409276598; 250.4393468821877; 908.5172425757563
11534.405056178666; 43.88069671577082; 1198.5559807736277; 244.90807983426768; 912.2561420675323
3375.0000000000005; 2336.8707119757096; 384.0300638193616; 3632.007040713046; 567.083109242307
3441.8381716751305; 1954.9176126953546; 417.8451951513115; 3444.43052309832; 572.4487978298519
3634.9862448157905; 1551.3674043271005; 729.866178773639; 2985.0442909160724; 650.5739229829677
3935.8925290205784; 1179.0403465280253; 1058.6707282627087; 2400.4902044516575; 740.6832866618075
4322.108860267173; 868.2690978492699; 1287.1617272479532; 1858.4016071725814; 813.5428961560273
4772.970773009197; 630.1309610009705; 1429.0952302868961; 1419.4738017703298; 868.8342221796134
5271.918531236993; 452.9536544717623; 1495.2222353220038; 1080.2080106235; 912.5408645527243
5806.569555253773; 325.4763920063481; 1501.7995709167396; 829.1109717965845; 947.3047046830573
6367.937264138208; 237.67307130760273; 1481.0827145027404; 651.7159269124942; 1012.0383254823821
6949.550345166225; 175.79910382703733; 1447.545282650717; 523.4441550479089; 1043.559110481414
7546.729424061791; 132.6051888777072; 1409.78682086119; 431.1383815554377; 1052.231761048705
8156.056032176336; 102.50061521032198; 1377.927252670121; 366.66425615851676; 1050.4673645740863
8775.0; 80.98217503636131; 1345.1904319580265; 320.26595847192317; 1041.0000985570302
9401.662087099281; 66.90393977385453; 1333.262773101172; 289.8040538404249; 1030.0146554159621
10034.596404439992; 57.58786248623474; 1326.2756649041803; 270.78532421687987; 1018.6660611867079
10672.68710306828; 52.31232354059591; 1309.9486896446679; 215.19724122719686; 767.9317993451057
11315.061864612142; 50.679989263146645; 1313.5470565740632; 210.23489530200584; 769.262112998364
2700.0; 4015.1235035227796; 433.7770269430959; 4122.584301849213; 547.9223795293051
2783.096297291921; 3338.1514823264256; 556.825126193421; 3819.01012957998; 564.1080034121521
3018.691769624716; 2534.7677114423836; 1045.2192139016993; 3151.1266666711526; 642.3028649896428
3375.0; 1822.9315575717794; 1504.3150466548052; 2408.780474568613; 725.7876350672308
3818.3766184073565; 1266.5113094654998; 1769.331750698873; 1769.9287808141353; 783.1535272076441
4322.108860267173; 868.0161538213353; 1866.6520346581092; 1290.0689855432506; 815.8295348224752
4867.494221876386; 596.188719176226; 1874.0582839510623; 947.1830598757656; 837.5048900472984
5442.023980101521; 413.50223874050494; 1816.6625145125083; 708.1511836997751; 847.4913972174712
6037.383539249432; 293.42384258068324; 1740.785483185265; 546.2330390470597; 860.6236567147985
6647.979016212371; 212.49988973280523; 1655.4697907913549; 435.77963728157965; 903.7258750301824
7269.972489631581; 157.3616477814048; 1582.381080351524; 361.29727622336776; 933.4205725070225
7900.672439735747; 120.04458139443494; 1524.4926646829347; 309.29570236672856; 937.2954616366616
8538.149682454625; 94.70036994507218; 1474.742991473017; 272.9606641359149; 927.1161657541761
9180.992593396424; 77.92684591385732; 1450.550540861458; 250.17793309716296; 916.4664078987123
9828.1483505287; 67.13636456743784; 1428.9392731467146; 236.6246876135819; 899.2360614782527
10478.817919975516; 60.89281965831799; 1419.6255277632333; 230.36285357803092; 879.3535341847189
11132.385189167684; 59.10372327024586; 1421.282566989688; 284.7881900609033; 1076.242165435804
2025.0000000000002; 7533.4066808967955; 510.2281932366289; 4416.518377351247; 530.1576871440056
2134.537420613656; 6093.510315776843; 809.8879919154436; 3963.0227335060667; 555.101823570139
2433.747110938193; 4270.620402796547; 1570.695057345555; 3029.453514587824; 624.8868034840643
2863.7824638055176; 2822.9691247455694; 2159.5408753724178; 2145.622578205437; 687.0070288125796
3375.0; 1820.4186797374593; 2408.469379035487; 1491.8377637210306; 724.4164168713663
3935.8925290205784; 1173.8839216769406; 2405.798612826818; 1052.8463524931126; 742.4390959414378
4528.037654437075; 769.7313881306518; 2304.8774770981618; 766.577413380881; 753.6707193591005
5140.6468464581385; 517.7911932690638; 2156.283425731254; 581.0511811378665; 761.6853578020379
5767.202528089333; 357.4355735228094; 2000.0211974864142; 455.57540390379796; 768.6752939603678
6403.612261840968; 254.6291453592289; 1862.8350886332403; 367.090270981405; 774.9028337833097
7047.206893514623; 187.81504531525334; 1754.8220403457194; 304.48851618523594; 799.9244550898268
7696.184119419181; 142.2495423999566; 1659.1033357655474; 260.46877121279533; 829.3814740281899
8349.288891875764; 112.06692501462973; 1594.6008732548682; 232.03563307940055; 829.5889607722471
9005.623243285276; 92.19578984691745; 1550.5667670774233; 215.8046937229716; 818.5153853587324
9664.529217711539; 79.67304535855747; 1524.9585547006195; 271.0703198646935; 980.858062286016
10325.514515025388; 72.6310663406024; 1514.7583054726288; 262.0738051985296; 984.0708395249072
10988.203902367302; 70.55719663935123; 1505.7013873535257; 260.5079880316758; 983.2318031223798
1350.0; 16129.632599159915; 646.8446928273139; 4269.773018666807; 515.8594424726555
1509.345884812358; 12014.392664295054; 1300.1388491624266; 3573.1706979613346; 540.4992743252999
1909.1883092036783; 7313.457423201181; 2433.443801424784; 2418.6210938520358; 590.1911047242078
2433.747110938193; 4257.207326560066; 3043.214555780738; 1558.5198868977473; 623.8437979558564
3018.691769624716; 2523.71779657063; 3153.165359266583; 1034.4061977302554; 643.6671680101302
3634.9862448157905; 1536.519303915969; 2973.154350976535; 719.9635717513613; 650.409030745215
4269.074841227312; 969.5418346906921; 2722.9465608366504; 533.2769122155424; 658.7084881323103
4914.07417526435; 636.1898840254265; 2469.6093890170964; 416.1281850981475; 664.1773307401598
5566.192594583842; 433.80079310541333; 2233.2106148057924; 342.0635744296682; 673.9565599920644
6223.192508672699; 306.7195790109684; 2039.518853483772; 290.3818372384341; 683.556214288228
6883.676343350261; 225.42771273370005; 1886.2573311265887; 252.98783107342786; 695.234205114154
7546.72942406179; 172.00936877121023; 1767.4016978103853; 228.47924451000688; 719.2594623272664
8211.729415902597; 136.98959868028913; 1680.7718229453467; 287.5030078993329; 896.256884096232
8878.238845626985; 114.03774291308258; 1626.9886432568067; 267.0797747137425; 917.315345303515
9545.941546018392; 99.81746265906563; 1602.5691410334598; 251.2500674452861; 920.759800175279
10214.603516534551; 91.7251456332969; 1584.2396096677803; 243.40032784974744; 920.0652939711017
10884.047960203043; 89.18348480278473; 1578.0726028952074; 240.74963239800874; 921.9207749650659
675.0; 44486.143071891944; 937.3757668214064; 3136.8346780133897; 503.3212509203428
954.5941546018391; 25718.523785210167; 2245.323894429789; 2229.4491966062983; 517.515552741684
1509.345884812358; 11975.404515004166; 3582.276480057108; 1286.7526194105624; 539.986283688811
2134.537420613656; 6025.053193034449; 3949.043581766129; 800.5932024626135; 555.3853418744402
2783.096297291921; 3312.8771026918153; 3815.4249506905066; 552.1200898847945; 564.8140241834312
3441.8381716751305; 1934.0388069014068; 3425.7687423973207; 413.2748371395245; 573.1119450403285
4105.864707951298; 1200.6936972482133; 3049.1468854208815; 333.9697605364654; 582.8833015938935
4772.970773009196; 781.2724010866322; 2692.3126308929172; 282.0019649114048; 592.4690541864677
5442.023980101521; 534.7887488877213; 2394.1038186098353; 342.14007820904584; 671.6827378588291
6112.384968242756; 383.1028447145653; 2158.4509377380155; 313.9975175134165; 698.9310390181937
6783.666044256602; 286.7294590832222; 1977.9437203435405; 290.926866497448; 732.4633982725908
7455.618686601401; 224.1826065137662; 1847.048050802345; 273.3537526205534; 763.9593741743272
8128.0763406848; 182.77691675986156; 1745.543682285167; 259.2884460590619; 803.0147301080438
8800.923247023577; 155.26346506492058; 1682.107066213811; 251.96730883750635; 860.7511790660791
9474.076472142286; 138.27077697597085; 1648.2810488001592; 246.75443178124019; 907.0608069274944
10147.475055401714; 128.9324400670972; 1631.9994965532437; 239.09019685986115; 919.5307527354561
10821.073190769943; 125.88952221306411; 1623.2084507291293; 234.28310031895538; 912.9032539295231
